1000 9998
757 348 2
95 332 1
713 265 1
415 320 1
626 859 2
869 546 1
571 146 2
93 453 1
874 885 1
216 622 2
861 463 1
208 885 2
13 554 1
293 49 1
568 810 1
807 377 3
881 819 1
460 919 2
650 270 2
687 847 2
249 532 2
709 849 1
838 308 2
445 369 1
281 137 1
784 659 3
581 163 1
112 544 2
963 44 2
237 718 1
288 618 1
599 310 2
207 708 2
448 423 2
588 569 1
726 200 1
498 890 2
378 465 2
796 692 1
716 695 2
425 706 1
229 505 2
490 840 2
574 928 1
252 138 1
31 980 3
548 921 2
797 635 1
627 411 3
470 552 2
249 714 1
656 570 2
990 898 3
965 124 1
855 542 2
414 487 1
570 334 2
403 119 2
169 854 1
772 122 2
347 69 2
221 41 3
233 680 2
835 940 1
164 516 1
396 541 2
298 971 2
344 739 2
927 499 1
170 185 1
164 14 2
442 636 2
557 418 2
987 484 2
60 369 2
449 176 2
925 562 2
273 714 1
614 667 2
288 759 1
925 120 2
32 883 1
447 679 3
207 998 2
593 145 1
184 717 2
67 995 3
222 815 3
168 85 1
322 785 2
543 193 1
717 299 1
305 961 1
724 500 3
196 207 2
87 847 1
289 838 1
221 731 3
575 859 1
518 278 2
514 446 2
938 509 3
138 2 2
629 451 1
846 569 3
471 955 2
9 353 2
790 706 1
619 794 3
19 345 1
960 282 2
557 718 1
454 224 2
785 305 1
183 895 2
499 206 2
264 112 1
855 511 2
957 401 2
561 731 1
3 350 2
599 685 1
451 843 2
233 581 1
632 985 2
3 76 2
8 821 3
301 710 3
425 537 2
920 108 2
834 823 1
122 754 1
1 961 1
48 196 2
766 701 2
13 492 2
284 824 2
837 45 2
426 57 2
304 799 1
403 637 3
930 218 3
799 391 1
283 383 1
233 621 1
858 838 1
602 671 2
466 663 2
463 701 2
970 71 2
143 202 1
366 208 1
600 235 2
611 434 2
833 419 1
153 573 1
652 531 2
747 752 2
158 749 1
394 247 2
250 723 2
730 728 2
998 283 1
530 799 1
651 335 1
959 209 1
393 129 1
575 835 1
811 480 2
423 53 1
410 62 1
67 5 2
780 106 1
173 742 2
647 272 2
295 603 1
33 690 2
934 699 1
950 66 2
948 575 1
779 589 1
736 994 2
241 1000 1
329 189 1
164 324 3
404 646 2
736 668 3
500 633 1
401 517 1
860 110 2
948 236 1
83 321 2
756 411 1
111 812 1
429 89 2
997 199 1
607 364 1
420 56 1
39 645 2
43 917 2
136 441 1
367 204 2
220 478 1
759 669 1
820 939 1
808 563 2
550 280 2
418 251 1
724 776 1
235 413 1
437 225 2
263 162 1
679 216 1
805 826 1
495 569 2
230 939 1
585 581 1
22 36 1
347 778 1
896 206 1
72 372 1
230 397 2
942 586 2
853 776 1
624 294 1
701 620 2
509 191 1
543 138 2
779 191 1
852 340 1
653 463 2
90 476 1
163 237 1
5 438 3
66 998 1
431 197 2
233 158 2
822 142 2
186 328 1
392 702 1
673 979 1
212 242 1
597 25 1
277 141 1
681 487 1
399 958 1
914 303 3
75 107 2
23 778 1
47 51 3
339 905 2
792 607 1
537 976 1
30 68 1
934 984 1
39 865 2
712 418 2
974 563 1
937 933 3
371 620 1
695 131 2
245 801 1
746 382 1
573 823 1
418 545 1
386 289 2
953 348 1
524 512 2
199 27 1
155 82 1
879 811 2
50 194 1
645 686 2
113 108 2
174 868 3
990 392 2
679 555 3
360 537 1
845 99 1
702 728 3
71 539 1
229 607 1
121 744 2
241 544 2
603 186 1
15 557 1
468 967 1
226 465 3
813 510 1
998 339 1
285 489 2
139 801 2
318 806 2
922 550 1
92 598 1
738 682 2
424 259 2
18 31 2
607 728 1
111 723 2
816 602 2
337 335 2
409 572 1
497 47 2
638 926 3
42 473 2
172 826 2
872 494 1
321 702 1
307 500 2
389 712 1
760 75 1
198 189 2
817 696 2
231 147 1
407 8 2
407 233 1
337 281 1
870 169 1
136 550 2
633 775 2
506 481 1
914 689 2
873 730 2
919 55 3
897 695 1
89 950 1
474 379 3
740 264 2
49 194 2
833 19 2
818 551 2
931 663 2
580 813 1
61 706 2
243 129 2
315 334 3
144 162 2
526 938 1
628 350 2
706 719 1
105 355 1
991 604 2
465 177 2
999 152 2
702 398 2
228 995 3
898 511 2
582 57 2
478 197 1
977 493 3
959 636 2
578 195 2
467 739 1
118 164 1
809 768 1
58 985 1
575 34 3
975 120 3
151 866 2
776 17 2
222 553 1
919 73 2
444 705 2
996 713 1
52 379 2
479 857 3
172 28 1
599 955 2
825 713 2
11 332 2
480 818 1
555 233 1
947 681 2
438 133 2
488 855 1
621 160 2
661 938 1
292 531 1
522 950 2
798 644 1
674 141 1
697 220 2
681 961 1
185 735 2
371 699 2
372 483 1
705 380 3
644 292 1
609 849 2
849 18 2
621 11 2
469 567 2
656 245 1
213 800 2
143 877 1
946 505 1
760 763 1
462 947 2
955 151 2
590 877 2
710 414 3
174 308 1
712 367 2
705 771 2
817 386 2
626 619 3
836 951 1
395 17 1
533 306 2
521 496 1
19 316 1
659 394 1
517 937 2
366 522 2
319 221 1
745 626 2
336 258 2
606 724 2
795 484 1
366 44 2
584 761 2
90 710 1
93 86 1
664 815 2
679 352 3
154 773 3
255 86 1
351 176 2
565 420 2
306 779 2
655 629 2
758 57 1
100 580 1
253 12 1
288 45 1
859 89 3
506 801 2
206 139 1
513 23 1
126 454 2
862 899 1
130 253 1
672 403 2
882 829 1
183 21 1
588 500 1
319 379 2
691 516 1
936 940 1
658 124 1
721 98 1
755 679 2
264 900 1
209 456 1
571 195 1
132 356 2
893 669 1
56 523 2
865 811 3
125 249 1
674 646 1
882 698 1
53 426 1
745 177 1
187 517 2
607 667 2
657 421 1
637 972 2
211 815 2
22 196 2
69 476 1
526 238 2
143 292 1
686 663 2
61 265 1
152 355 1
288 41 1
109 650 2
4 539 2
172 153 2
831 335 1
702 62 1
290 375 2
855 739 1
643 7 1
996 813 1
375 72 2
28 530 2
158 470 1
731 203 2
914 310 1
846 116 2
771 863 2
470 527 2
432 374 2
805 578 2
133 779 1
740 806 2
194 163 1
522 492 3
760 228 3
930 45 2
955 480 2
10 969 2
890 709 3
210 706 2
296 539 2
611 765 2
645 990 2
672 641 2
998 657 1
906 685 1
358 669 2
972 203 2
475 257 1
325 279 2
863 720 1
726 75 1
620 451 1
772 458 1
833 53 2
751 981 3
41 415 1
988 630 2
52 713 3
39 479 1
442 322 1
802 590 1
294 300 1
103 881 1
13 238 2
265 844 2
115 579 2
150 716 1
574 496 1
584 321 2
551 42 2
934 541 1
904 816 3
27 96 2
708 314 1
84 978 1
947 199 2
117 124 3
364 930 3
840 191 1
953 299 3
931 749 1
925 307 2
832 426 1
194 230 1
872 563 2
935 187 2
214 373 2
326 809 1
377 341 2
250 668 2
15 626 2
800 436 2
457 59 1
899 769 2
166 773 1
407 586 3
458 880 1
137 808 1
439 87 1
237 791 2
620 489 1
212 809 1
879 825 3
889 226 2
84 157 2
71 178 1
857 968 2
873 175 1
645 940 2
990 149 1
135 310 2
256 396 1
444 713 1
102 697 1
782 13 2
529 869 3
719 902 3
998 395 2
699 518 2
605 26 3
323 460 2
319 648 1
570 346 3
351 582 1
188 283 1
399 420 3
54 122 1
971 734 2
943 682 1
348 488 1
951 166 2
965 226 1
466 88 2
983 899 2
684 753 1
218 223 2
738 233 1
872 816 1
639 535 2
515 197 1
144 963 1
375 77 2
640 101 1
883 461 2
321 575 2
518 590 2
237 452 3
78 803 2
357 887 2
462 180 1
468 942 1
316 34 2
910 680 2
706 947 1
175 594 1
840 854 1
461 546 2
220 55 2
854 86 1
652 711 1
166 754 3
596 393 1
137 269 1
23 103 1
112 189 3
579 288 2
386 769 2
336 641 1
541 441 1
542 484 1
678 166 2
115 833 2
989 559 1
152 503 1
826 54 1
505 825 1
988 15 2
304 559 1
341 250 2
197 791 2
272 117 1
420 338 2
9 729 1
190 211 2
470 453 1
851 555 2
375 661 2
509 535 2
749 295 2
859 748 1
623 839 1
486 399 1
570 738 2
522 295 2
395 966 1
118 227 2
412 56 2
946 197 2
989 637 2
276 37 3
294 751 2
509 760 2
193 604 1
711 762 2
809 188 2
51 96 2
589 735 2
967 284 2
967 613 1
195 291 1
306 24 2
562 538 1
242 130 2
827 591 1
607 742 1
311 314 2
141 456 2
845 205 1
156 312 2
730 38 2
734 350 2
50 678 1
363 157 2
14 154 3
999 889 2
83 430 1
483 234 1
987 812 1
378 912 3
352 340 2
152 339 2
52 714 2
180 949 2
837 547 1
552 733 2
503 588 1
276 903 1
874 591 1
90 587 2
500 691 2
861 866 1
42 198 2
274 836 2
804 13 3
677 491 1
195 172 1
213 321 3
520 684 3
463 920 2
159 543 2
932 421 1
47 279 2
975 40 2
68 634 1
567 592 1
717 363 2
304 176 1
767 372 2
146 298 2
136 499 1
799 330 1
294 240 2
398 899 1
554 18 3
163 983 3
462 765 1
492 260 2
74 822 2
330 279 2
638 862 2
680 101 1
88 611 1
54 412 2
451 492 2
478 116 3
649 25 2
253 112 2
770 143 1
347 743 2
652 744 1
633 327 2
491 44 2
676 901 1
574 228 2
273 873 1
624 720 2
139 654 1
42 148 2
801 443 1
510 315 2
461 675 2
739 725 1
784 16 1
269 926 1
502 118 2
240 587 1
891 312 2
225 557 1
675 654 1
256 400 1
545 136 2
280 634 3
612 107 1
694 375 2
263 931 2
939 413 2
871 818 2
171 668 1
65 539 1
135 626 2
373 582 2
731 993 2
528 335 2
962 575 3
142 679 2
87 503 2
192 259 1
334 983 2
451 707 2
981 336 2
492 913 2
873 459 2
219 745 1
531 855 2
687 534 2
87 771 3
940 712 2
279 650 2
619 107 2
509 757 1
91 224 1
492 894 2
303 657 2
469 950 2
161 178 2
242 468 2
101 517 2
850 919 2
47 993 2
908 413 2
716 919 1
763 487 2
482 319 1
539 15 2
888 564 2
376 293 1
810 275 1
992 199 1
261 879 2
515 56 2
427 12 2
912 52 1
701 365 1
611 802 1
397 323 1
845 384 1
549 866 2
121 660 1
483 331 1
739 293 2
549 671 2
636 915 2
156 740 3
14 224 1
142 917 1
575 71 3
922 518 3
555 615 2
536 277 1
913 917 3
508 336 2
422 364 1
801 545 2
930 137 1
442 424 2
581 129 1
118 391 2
650 834 2
566 279 2
772 534 2
90 978 1
751 866 3
449 17 2
493 383 1
282 384 2
980 793 1
180 303 1
676 15 2
353 330 2
926 716 1
311 539 1
8 76 2
823 993 1
535 441 2
71 179 1
861 485 2
886 816 2
777 883 2
722 913 3
835 665 1
555 598 2
352 548 2
993 923 2
990 315 3
759 56 1
210 113 1
501 817 2
749 647 1
77 782 2
750 177 2
520 440 3
633 799 1
635 902 1
393 871 3
999 213 1
637 230 2
332 186 1
42 682 3
847 777 2
253 765 1
539 880 3
554 270 3
941 783 2
676 358 2
835 609 2
882 57 1
778 932 2
149 867 1
696 230 1
74 612 2
214 157 2
863 175 1
9 985 2
11 787 3
259 837 1
792 512 2
986 957 1
749 463 1
90 424 1
506 729 2
949 393 2
847 264 1
849 778 2
667 977 2
831 931 1
261 709 1
83 35 2
602 165 2
803 122 1
568 414 1
193 700 1
444 694 2
706 568 1
607 520 2
750 357 1
355 494 1
386 562 3
592 865 1
906 847 2
825 725 1
944 564 2
107 859 1
901 830 1
367 641 1
212 121 1
535 290 2
137 24 2
912 675 2
648 996 1
140 636 1
459 941 2
634 980 1
425 642 2
726 145 3
338 578 1
51 253 2
647 787 1
908 121 3
550 874 2
545 183 2
111 925 2
818 729 1
1000 580 3
493 11 3
133 933 2
948 407 2
159 654 1
635 897 2
107 425 1
682 171 1
257 289 2
552 156 3
692 864 2
454 2 1
693 502 1
439 310 3
405 538 2
553 907 2
813 383 2
456 746 2
429 386 2
211 790 2
794 173 2
829 902 2
939 705 2
242 780 1
340 451 2
970 597 2
282 128 3
38 80 2
332 661 2
693 441 1
932 462 2
579 72 2
197 819 1
884 266 2
200 145 1
637 882 1
372 327 1
440 882 2
922 753 1
726 127 2
91 345 2
664 889 3
246 833 2
242 861 2
792 904 2
546 722 1
685 66 2
576 934 3
952 703 1
144 223 1
371 682 2
680 141 3
130 490 1
304 402 2
449 963 3
246 433 1
366 680 1
168 988 1
949 848 2
146 920 2
575 508 1
863 139 2
110 264 1
601 989 1
743 357 2
206 1000 2
180 912 2
548 423 1
511 339 3
956 570 3
543 224 1
232 215 1
879 31 1
703 485 1
17 294 1
287 148 2
941 578 2
211 113 2
226 844 2
772 326 1
570 871 3
270 740 2
447 504 1
330 762 3
103 409 1
138 402 3
656 173 1
308 425 3
772 484 3
110 837 1
897 716 1
256 464 1
88 786 1
660 547 2
326 117 1
995 113 2
758 441 1
605 657 3
921 283 1
136 551 2
773 9 1
382 55 2
517 499 2
787 784 2
461 563 2
717 933 2
426 591 2
949 270 3
881 809 1
605 609 2
837 505 1
132 585 1
730 146 1
141 67 2
201 787 3
250 584 1
959 522 2
20 946 3
421 602 1
679 921 1
425 763 2
779 830 2
371 985 2
40 350 2
507 176 2
360 133 1
980 988 1
635 968 2
712 67 1
445 143 1
843 922 3
250 835 2
465 375 1
147 429 1
147 551 1
880 535 1
805 595 3
237 44 1
355 834 1
578 224 1
528 639 2
721 807 2
681 164 1
332 373 1
469 790 2
469 314 3
918 102 2
306 926 2
684 865 2
75 496 1
868 935 2
672 580 2
101 212 2
560 266 1
830 620 2
7 202 2
738 455 2
413 448 2
358 128 1
422 907 1
137 737 2
438 178 2
836 503 1
988 73 2
340 652 1
274 767 2
342 5 1
209 711 1
494 93 1
87 953 1
256 490 2
187 227 2
422 458 2
417 830 3
188 713 1
484 387 2
922 129 1
113 3 2
238 713 2
402 80 2
190 119 1
818 263 1
218 176 2
668 223 3
254 5 1
664 11 2
577 386 2
247 332 1
391 721 2
811 304 1
815 348 2
64 756 2
684 187 1
829 22 2
942 477 2
799 707 3
242 95 1
73 630 2
244 84 3
460 60 3
3 359 1
963 938 1
523 738 2
176 881 2
238 286 2
95 618 2
897 168 1
722 163 1
404 114 1
122 937 2
93 712 1
572 845 1
701 809 2
18 392 1
655 700 2
184 687 3
901 475 2
280 954 2
114 271 2
426 953 2
543 130 2
902 464 1
759 894 3
970 784 3
680 300 2
965 748 2
572 559 1
935 381 2
434 26 2
959 70 2
787 474 1
788 372 2
949 535 1
361 447 2
953 323 3
177 685 2
397 984 2
887 184 3
219 272 3
76 531 3
319 861 2
194 385 2
323 92 1
762 976 1
448 30 2
670 342 1
785 35 2
896 71 1
605 450 2
844 406 1
715 934 2
771 513 1
37 310 2
250 693 2
626 601 2
341 773 3
207 521 2
127 26 1
221 787 1
799 253 2
162 86 2
668 118 2
210 3 1
77 539 2
933 703 2
335 850 1
689 748 1
9 989 1
861 809 2
140 755 2
280 259 1
325 838 2
382 480 1
66 284 1
816 724 2
61 481 1
480 982 1
391 742 1
367 726 2
563 742 2
435 183 2
682 690 1
529 94 3
840 800 1
845 403 1
865 870 2
508 607 2
601 92 3
682 504 1
484 960 2
738 151 1
418 194 2
417 624 2
486 722 1
385 461 1
315 341 2
338 300 2
256 646 2
573 934 1
96 698 1
510 57 1
40 717 1
524 114 3
486 895 2
194 501 2
487 934 1
561 232 1
822 333 1
1000 301 2
741 477 3
171 590 1
405 820 2
615 245 2
332 534 1
807 724 3
263 873 1
626 782 2
219 267 3
166 208 3
285 326 1
589 184 2
381 632 1
113 343 1
437 511 2
524 310 2
757 474 3
834 283 3
692 679 1
242 474 1
155 742 1
448 807 1
837 115 1
537 492 1
310 661 3
816 736 2
297 274 1
563 111 2
342 214 1
393 196 1
681 670 1
739 830 2
10 959 1
976 329 1
52 288 1
891 604 1
271 972 1
904 24 1
752 377 1
484 791 1
791 641 1
220 834 2
224 249 2
343 195 1
884 447 1
515 575 2
492 26 1
143 265 2
217 628 1
510 438 1
94 171 2
319 261 2
841 623 2
433 374 1
765 789 2
434 27 3
44 189 1
511 530 2
937 988 1
86 570 2
687 734 1
459 787 2
267 636 1
541 380 1
731 495 1
667 620 2
760 379 2
518 386 2
426 72 1
544 822 1
506 190 1
438 447 2
349 528 2
744 416 1
404 915 1
852 829 2
174 467 2
250 783 1
490 221 2
682 742 1
121 640 3
17 388 1
542 266 1
854 610 1
513 941 1
90 848 2
20 15 1
667 739 1
714 285 2
814 486 1
952 406 2
923 365 3
614 370 2
534 421 2
241 274 2
56 209 1
423 829 2
600 64 2
325 12 2
279 613 1
808 51 1
817 751 1
527 745 2
830 400 2
313 13 1
974 416 2
214 809 1
312 63 1
159 896 2
354 540 1
45 815 2
106 48 2
522 894 2
293 323 3
583 383 1
169 142 2
132 717 1
715 110 3
300 74 2
274 904 1
546 811 2
700 289 2
208 530 3
261 150 1
628 783 1
619 318 1
770 108 2
226 581 2
47 573 1
932 433 1
928 934 3
752 278 1
311 219 2
261 743 1
683 606 3
564 318 2
317 568 1
289 829 2
14 364 2
949 979 1
608 660 1
497 550 2
301 546 1
893 915 1
816 820 2
169 818 1
932 245 1
570 898 1
507 702 3
808 126 1
784 533 1
419 489 2
157 451 1
755 573 3
107 293 2
207 829 1
896 933 1
612 584 1
936 516 2
41 794 2
888 220 1
901 376 1
387 559 2
265 902 2
58 123 2
480 500 3
328 879 1
415 466 2
245 191 3
517 533 3
558 131 1
151 659 1
951 597 1
347 3 1
124 436 3
847 587 2
446 418 1
118 955 3
885 342 1
735 752 2
395 818 1
642 357 3
679 953 3
441 520 2
125 169 1
187 45 1
906 384 1
512 97 1
202 772 1
914 154 1
253 909 1
938 320 1
977 61 2
736 824 1
625 236 1
72 896 1
817 643 2
968 511 2
478 663 2
331 727 2
192 743 2
240 383 1
88 770 2
260 43 1
935 866 3
975 105 2
617 616 2
463 619 1
766 521 2
804 538 1
821 380 2
56 705 1
171 235 1
893 617 2
851 797 1
646 560 1
768 189 2
545 906 2
855 897 1
706 75 2
14 571 2
533 366 1
571 26 2
245 740 2
791 586 2
600 869 2
285 519 2
26 929 1
768 686 2
775 963 1
342 464 1
17 133 2
391 544 2
689 321 1
299 155 1
24 158 1
307 310 2
333 230 2
277 485 2
125 799 1
732 205 2
671 438 2
784 139 2
167 947 2
433 663 1
386 413 1
48 488 1
274 234 1
672 446 2
610 578 2
281 78 2
945 622 2
517 48 2
663 412 2
950 335 1
904 797 1
152 716 2
894 863 2
32 621 1
146 197 2
633 456 1
780 968 2
417 83 2
879 56 1
790 750 1
64 281 1
911 393 2
848 215 1
639 111 3
254 170 2
526 170 2
549 223 2
686 869 1
844 97 1
359 133 2
455 761 1
969 894 1
37 765 1
738 517 2
611 43 1
94 177 1
464 588 1
960 625 1
150 30 3
37 864 1
242 746 1
130 817 1
129 80 2
214 283 3
782 160 2
643 362 1
516 931 2
69 762 1
803 262 2
583 523 2
956 533 3
735 315 2
238 128 2
524 266 1
176 86 2
386 159 1
77 89 1
955 279 1
199 433 2
661 773 2
1 406 1
400 403 2
469 388 2
110 494 2
230 19 2
586 326 2
334 989 2
262 654 1
959 801 1
952 218 1
182 987 2
671 277 1
130 151 1
321 893 2
482 519 1
261 672 2
908 480 1
863 18 1
23 844 1
965 627 2
60 65 2
289 741 1
459 153 2
392 296 1
839 796 1
898 723 2
201 280 1
165 242 2
620 7 3
819 93 1
620 360 1
690 915 1
342 413 1
412 7 1
680 197 2
749 903 3
468 623 1
978 155 1
91 807 1
879 609 1
51 935 1
262 909 1
753 390 2
59 664 1
254 210 2
851 862 2
384 617 2
169 924 2
829 69 1
340 930 1
108 343 2
569 530 1
440 714 1
111 256 3
75 964 2
481 640 1
863 296 1
21 270 1
697 995 1
857 102 2
382 888 2
217 384 2
338 28 1
50 565 1
192 321 1
287 165 2
976 501 2
126 606 2
884 296 1
649 84 1
454 648 1
212 857 1
88 316 2
564 999 1
521 99 2
336 281 1
756 511 1
740 405 2
510 456 2
119 40 2
911 651 1
21 614 2
570 951 2
602 254 1
896 292 3
144 263 1
145 667 1
273 36 2
194 778 2
194 463 1
575 617 2
730 265 1
883 987 1
606 583 1
869 496 1
269 326 1
172 7 2
613 38 1
87 267 1
996 649 1
264 212 1
492 895 3
612 857 2
62 508 2
830 67 2
788 799 1
923 691 2
664 252 1
654 348 1
93 153 2
533 760 2
74 884 2
159 118 1
994 684 2
16 399 2
217 368 1
995 411 1
728 329 2
732 118 1
342 435 1
927 758 2
24 838 1
633 202 1
646 919 3
907 62 2
667 2 1
376 390 2
627 874 3
525 231 2
489 532 2
806 207 1
681 557 1
498 881 1
439 905 2
367 538 2
257 263 2
459 293 3
915 830 1
836 538 1
932 190 1
830 535 1
762 765 1
48 525 1
280 993 1
75 57 1
185 335 3
715 301 1
955 395 2
664 782 1
792 635 1
321 412 2
175 182 2
990 783 1
957 62 1
839 682 1
538 874 2
479 9 1
837 732 1
128 563 2
659 708 1
488 602 2
787 80 2
390 118 1
857 901 1
379 157 1
5 390 1
601 427 1
924 691 1
433 459 2
458 599 1
276 247 2
548 77 1
472 175 2
754 313 2
884 210 1
80 810 1
216 374 2
448 173 2
511 990 1
599 256 1
967 133 2
491 478 1
467 911 2
284 420 1
487 826 1
321 915 3
989 362 1
804 617 2
197 249 1
219 11 3
91 645 3
286 865 2
120 291 2
446 948 1
676 699 2
930 254 2
392 650 1
495 926 1
667 890 2
241 79 1
798 751 2
192 596 1
146 562 2
333 82 2
300 860 2
735 661 2
175 624 1
51 811 3
157 854 1
844 984 2
797 503 1
277 471 2
562 566 2
419 618 2
803 550 2
512 161 2
807 265 1
490 442 3
933 106 2
746 408 2
773 971 1
901 904 2
230 173 1
349 243 1
922 639 3
225 224 2
196 304 2
839 10 2
928 19 2
609 692 2
115 950 3
262 162 2
419 6 2
162 319 2
227 723 1
427 698 1
156 514 2
203 759 1
312 9 1
800 276 1
484 365 1
625 87 1
561 395 1
834 259 2
583 254 2
34 373 2
348 723 3
566 771 2
152 122 2
886 1000 2
366 938 1
685 441 2
691 938 1
949 635 1
385 740 3
470 250 1
230 964 1
4 614 2
782 442 1
873 709 1
98 476 1
991 304 2
838 928 1
652 755 1
646 15 3
627 679 2
288 741 2
852 227 1
841 216 2
441 748 2
584 460 2
811 781 1
858 293 3
794 843 1
521 584 2
682 236 2
108 903 2
208 843 2
945 96 2
457 767 2
568 131 1
164 532 1
832 665 2
623 591 2
256 233 2
664 980 3
925 186 2
709 136 2
972 905 2
483 266 2
914 830 3
142 983 1
748 692 3
119 179 3
767 84 1
740 654 2
407 332 1
387 228 2
985 522 1
607 19 2
640 201 1
492 122 2
392 234 1
35 86 2
712 664 2
967 518 2
986 616 1
70 898 1
944 768 2
223 118 1
621 252 1
413 86 1
945 600 1
20 253 1
151 155 2
185 991 3
199 388 1
186 427 1
7 3 1
829 296 1
942 485 1
583 227 2
630 923 1
1 159 1
234 845 1
143 767 2
617 520 1
425 544 2
232 204 2
117 829 2
774 586 1
164 34 1
344 687 3
44 959 2
291 923 1
503 442 3
480 518 1
480 393 2
731 631 3
969 616 2
498 485 2
497 254 1
97 673 2
161 891 1
251 216 1
319 604 2
107 745 2
678 65 1
235 632 2
322 815 2
656 462 1
810 614 1
15 384 1
249 791 1
993 828 2
531 512 1
313 346 1
253 796 1
228 239 1
692 194 2
635 222 1
387 475 1
627 572 1
853 215 1
69 315 1
351 678 2
678 553 1
962 865 1
831 457 2
329 223 2
505 448 1
135 847 3
484 456 2
941 984 2
804 683 2
640 644 3
630 685 1
940 639 1
876 322 1
230 823 2
436 520 3
574 457 2
374 576 2
257 674 2
909 923 1
130 378 3
87 845 1
550 77 1
758 189 2
396 423 1
52 399 2
55 758 1
720 837 3
733 826 2
750 628 2
389 605 1
772 532 1
216 41 1
490 402 2
655 137 2
832 27 1
499 545 1
869 836 1
97 181 2
118 81 1
379 361 2
968 288 1
37 735 2
125 688 1
189 46 2
157 547 2
678 629 1
726 702 2
417 422 1
229 538 2
778 236 2
918 163 1
272 627 1
93 423 2
28 153 2
959 197 2
551 116 1
506 189 1
589 99 1
949 735 3
716 712 1
284 214 1
63 622 1
36 793 2
640 688 1
443 158 1
965 65 1
513 327 1
532 283 2
659 440 1
200 202 1
452 702 1
843 629 3
922 832 2
583 71 2
783 325 2
53 228 1
737 490 1
602 354 3
892 665 1
736 299 2
453 841 2
181 591 2
309 579 2
788 358 1
171 746 2
75 746 1
986 285 2
485 1 1
683 331 3
438 168 2
507 603 3
344 372 1
915 333 1
645 244 1
689 902 1
218 693 1
578 566 1
87 656 1
961 554 2
766 819 1
822 250 1
862 498 2
118 877 2
317 921 2
99 553 3
587 992 2
554 813 1
554 851 1
532 453 1
475 789 2
700 921 2
692 749 3
973 435 1
914 244 2
905 88 1
455 737 2
221 79 2
556 474 1
6 777 2
624 865 2
172 874 1
156 174 1
89 969 3
740 576 1
920 857 1
965 315 2
255 753 2
13 187 1
324 678 2
110 474 1
760 663 1
363 37 1
466 143 1
119 540 2
156 712 3
926 813 2
988 39 1
631 487 1
345 926 1
201 387 1
441 370 3
403 964 1
389 953 1
477 38 3
506 527 1
476 771 2
831 440 2
295 369 1
858 262 2
620 437 1
91 690 2
996 712 1
409 338 1
353 731 1
341 253 3
139 723 1
74 706 1
823 117 1
739 490 1
346 813 1
667 37 2
377 617 1
731 887 3
610 617 2
93 780 2
785 793 1
750 84 1
815 291 1
648 564 2
156 377 1
319 125 2
240 895 1
717 994 2
773 276 3
989 640 2
780 606 2
664 618 2
945 709 2
2 67 2
928 216 2
851 395 1
537 867 2
47 365 2
6 688 1
260 592 1
989 918 1
616 342 2
104 522 1
451 562 1
928 826 3
565 886 3
993 699 2
523 828 1
799 791 2
336 976 1
166 293 3
981 949 1
166 430 1
666 193 2
920 514 1
631 335 2
543 764 2
542 708 2
28 826 2
90 52 2
685 724 2
474 598 1
633 395 1
636 43 2
186 815 2
807 381 1
429 402 2
75 21 2
867 702 1
647 120 2
843 99 2
688 547 2
659 973 1
376 330 1
162 717 1
155 669 2
714 659 1
506 546 3
972 214 2
103 217 2
629 439 1
420 874 3
542 51 1
405 653 2
261 584 1
786 342 1
574 770 2
958 872 2
326 508 2
145 281 1
76 724 1
738 152 2
752 630 1
730 530 1
575 10 2
805 124 2
788 13 1
361 913 2
455 59 2
351 526 1
679 248 3
494 251 2
954 365 2
95 72 2
317 649 2
250 327 1
620 898 2
647 767 2
531 719 1
184 169 1
719 520 1
398 64 2
311 108 1
587 711 1
510 529 3
348 382 3
577 772 1
570 989 1
100 203 1
570 63 2
928 261 2
994 231 3
292 135 1
170 591 2
929 677 1
818 618 3
609 108 1
568 157 3
134 121 1
846 572 1
104 633 3
784 138 1
288 773 2
880 932 2
278 636 1
790 36 1
644 449 2
793 852 1
915 524 1
304 34 1
719 963 1
164 238 2
364 514 2
790 108 2
24 97 1
476 679 1
968 455 1
634 301 3
391 619 2
722 530 2
641 92 3
351 811 2
19 653 2
146 217 2
552 84 2
887 900 2
992 633 3
751 490 2
953 542 3
618 706 1
472 4 3
729 819 1
589 24 3
129 445 2
571 558 2
780 185 1
617 255 1
941 194 1
39 489 1
231 519 2
856 131 1
671 300 1
169 89 1
421 965 1
214 377 3
275 369 1
949 254 2
190 844 1
969 823 2
239 73 2
191 504 1
586 316 1
979 432 2
366 690 1
215 128 1
917 868 2
956 17 3
411 419 2
200 362 1
994 873 2
838 300 2
879 235 3
164 196 1
141 602 1
578 138 2
302 134 1
552 71 3
693 688 1
687 799 2
976 949 1
489 913 1
647 913 1
488 9 1
186 751 1
952 933 1
129 210 1
471 999 1
37 220 1
984 17 2
976 280 1
738 89 2
64 221 2
314 719 1
27 474 2
896 535 1
415 432 2
568 189 2
996 388 2
345 933 2
352 826 1
539 116 1
571 303 1
304 505 2
55 446 1
490 378 1
166 413 1
237 929 1
605 275 1
194 183 2
824 753 2
863 489 2
559 925 2
242 395 2
764 479 1
413 282 2
227 464 2
516 789 1
91 755 1
57 888 2
274 699 2
972 605 2
787 199 3
495 833 2
344 982 1
375 914 2
141 237 3
802 323 1
557 110 1
551 167 3
488 264 1
949 163 2
369 124 2
780 579 2
670 280 2
166 476 1
967 507 2
83 276 1
735 147 2
940 285 1
199 177 3
732 151 2
161 145 2
137 956 2
298 923 2
622 120 1
601 167 3
95 569 1
130 302 2
336 991 2
259 703 3
704 133 1
471 880 2
135 776 2
928 759 3
74 533 1
809 715 2
944 888 3
831 140 2
744 638 1
596 902 1
489 896 1
466 872 2
794 994 1
54 720 2
886 889 2
720 594 2
490 609 2
551 657 1
640 605 2
314 410 2
892 193 1
598 402 1
288 605 2
529 950 2
552 591 2
675 842 1
703 852 1
619 442 1
137 636 1
664 749 1
478 907 3
615 430 1
153 84 1
958 130 1
287 68 2
359 63 1
733 87 1
846 873 1
865 83 2
955 436 1
620 160 2
440 746 2
642 833 1
724 525 3
435 777 1
834 937 1
642 220 3
707 379 2
386 410 1
542 501 2
421 206 1
982 523 1
604 569 2
620 853 3
889 26 1
729 352 2
306 802 3
601 939 2
969 681 2
265 877 2
605 616 1
724 795 1
329 801 2
835 585 1
501 669 1
86 455 2
709 419 1
949 322 2
305 592 2
693 429 2
91 535 2
355 205 3
513 813 1
564 772 1
519 872 2
415 301 2
86 936 1
263 341 3
728 534 1
396 222 3
26 130 1
935 938 2
259 267 1
902 426 1
583 792 1
91 904 1
2 759 3
754 100 1
500 744 1
889 223 1
427 523 2
294 768 2
397 804 1
349 547 1
10 105 1
956 521 2
816 398 1
622 999 1
189 968 1
945 425 2
814 691 2
565 998 2
755 889 2
140 517 1
495 889 2
21 256 2
580 133 3
307 448 2
174 559 1
140 521 1
372 471 1
82 16 1
355 343 1
335 351 1
99 731 1
6 11 1
957 622 1
605 311 2
545 772 1
756 981 1
111 414 1
254 105 1
759 595 2
327 546 1
81 832 1
711 202 1
530 422 1
873 890 2
630 917 1
959 834 1
942 698 1
86 900 3
602 789 1
313 145 1
189 9 1
819 974 1
258 276 1
973 402 1
638 176 1
179 435 2
258 491 1
902 285 3
323 639 3
714 542 1
887 648 2
407 404 2
1000 884 1
655 123 3
714 24 1
850 24 1
592 242 1
545 82 1
769 799 1
814 400 2
254 386 2
270 460 1
142 387 2
792 316 2
381 920 1
86 968 1
861 818 2
119 67 2
864 243 2
970 250 2
609 234 2
110 400 2
78 943 1
168 415 2
942 266 2
863 638 2
633 522 2
325 990 1
697 482 2
926 553 2
872 163 1
63 842 3
824 590 3
649 714 2
677 684 2
898 169 3
709 65 2
276 223 2
547 681 2
53 765 1
336 121 2
211 478 2
749 810 1
615 770 2
825 665 1
827 138 1
811 123 1
71 343 2
345 725 1
635 800 2
849 63 2
426 399 2
750 795 1
26 477 1
345 681 2
627 817 1
939 207 2
332 499 1
715 486 2
24 32 3
799 252 2
398 113 2
316 469 1
827 153 2
823 479 1
899 198 1
162 623 2
626 774 1
907 957 3
579 951 1
454 8 2
11 917 2
832 298 2
265 798 2
617 469 3
327 842 1
100 337 1
487 302 1
478 983 2
675 254 1
60 360 2
509 23 2
60 265 2
70 640 2
179 342 1
431 932 3
868 38 2
663 818 2
822 155 2
956 264 2
942 658 3
43 569 2
321 247 1
423 16 3
627 868 2
516 40 1
276 594 2
681 460 2
506 205 1
810 442 1
204 265 1
547 280 2
107 667 1
874 620 2
670 375 1
671 579 1
312 868 2
580 793 1
156 505 2
734 829 1
460 527 2
754 800 1
4 508 2
630 765 2
982 543 3
22 129 1
347 495 1
829 376 1
70 248 1
771 379 1
686 441 1
961 880 1
997 705 1
886 891 2
431 765 2
828 96 2
892 138 1
763 316 2
707 612 1
995 383 2
634 273 2
504 203 1
248 601 2
235 573 2
782 58 1
73 526 2
780 890 2
301 317 1
194 96 1
717 863 1
883 880 1
239 870 1
929 182 3
965 246 1
758 885 1
443 404 2
561 621 1
467 293 2
709 43 2
798 224 1
103 750 2
383 788 1
862 554 2
32 471 1
22 452 1
159 88 1
877 94 2
542 744 2
691 706 1
725 204 1
145 198 3
790 500 2
92 600 1
806 408 2
2 472 2
323 967 1
739 223 1
756 442 1
39 532 2
792 426 1
990 99 1
741 530 3
394 371 2
10 786 1
158 829 2
640 494 3
530 976 2
600 781 1
54 427 1
292 828 3
353 771 2
966 120 1
528 947 2
825 980 2
736 466 1
741 285 1
152 72 2
512 542 3
123 916 1
861 185 1
60 928 1
245 952 1
437 753 1
2 546 1
473 180 2
122 23 3
493 772 3
614 471 1
417 634 3
505 478 2
646 978 2
111 885 1
489 700 2
185 864 2
907 911 1
323 16 2
143 698 2
605 228 2
430 248 1
829 521 1
181 324 1
831 87 2
282 644 1
560 67 2
454 109 1
314 845 1
906 460 1
18 521 1
540 541 3
513 402 3
280 462 2
250 854 3
170 112 1
785 328 2
389 746 2
220 51 1
966 522 3
418 971 1
262 719 2
476 416 1
874 306 2
969 634 2
457 167 1
356 767 1
560 335 3
186 292 2
437 555 1
65 747 1
959 593 1
325 684 1
346 671 2
82 732 1
866 505 2
237 868 1
358 526 1
207 584 1
312 616 2
181 615 1
294 614 1
19 91 1
678 713 2
447 862 2
933 59 2
3 58 2
536 91 2
36 67 2
347 833 1
547 555 1
332 384 1
878 884 2
366 494 1
591 994 2
754 789 1
351 922 1
327 652 2
318 959 2
617 971 1
447 118 1
499 582 2
236 184 1
52 806 2
838 156 2
231 784 3
655 132 3
333 564 2
546 367 2
733 509 2
437 31 2
806 736 1
108 809 1
711 575 3
691 891 1
539 456 1
605 22 1
954 785 2
40 590 3
348 26 1
572 789 2
72 174 3
358 285 1
823 219 2
528 242 1
698 852 3
939 891 2
386 737 2
982 214 1
275 723 1
89 231 1
960 926 2
671 313 3
505 784 1
706 590 1
603 536 1
310 728 1
17 647 1
531 170 2
222 59 2
404 713 1
799 446 2
761 381 3
223 465 3
954 623 3
778 37 2
127 276 2
792 696 2
680 614 2
655 191 1
998 47 2
100 555 2
794 897 1
548 179 1
120 496 2
256 105 1
601 247 2
959 968 2
570 445 2
944 335 2
729 344 3
757 6 2
448 459 1
528 757 2
162 141 2
23 848 2
161 446 1
328 775 1
159 103 1
626 125 3
886 620 2
724 656 1
373 739 1
290 774 2
114 719 1
834 803 1
361 892 2
490 63 1
962 468 2
108 289 2
649 57 2
429 903 2
371 793 1
594 85 1
80 132 2
902 340 1
524 517 2
217 39 1
831 698 2
3 301 1
709 457 1
881 158 2
439 601 3
794 921 2
282 876 2
216 204 1
860 47 2
550 641 1
378 343 1
496 84 2
471 171 1
279 564 2
669 332 2
729 507 2
598 155 2
944 372 1
130 869 2
424 388 2
1 813 1
320 334 2
783 645 2
655 381 3
593 13 1
915 568 1
1000 683 2
8 429 1
948 301 2
732 630 1
726 272 1
349 533 2
116 793 2
489 955 3
3 820 2
641 412 2
43 536 2
790 979 2
970 394 1
525 957 1
316 709 1
188 71 3
316 883 1
611 467 1
67 357 2
307 185 2
831 663 2
24 19 2
599 636 1
929 793 1
499 719 1
639 133 2
264 690 2
675 699 1
844 810 1
257 730 2
309 464 2
547 520 2
922 364 1
661 83 1
378 162 2
79 128 2
297 562 2
586 333 1
644 935 2
324 317 1
213 528 1
1000 240 2
105 192 1
379 923 2
497 327 1
846 969 3
202 702 3
561 917 2
219 35 1
578 279 3
424 224 3
684 977 3
729 401 2
268 450 1
514 603 1
629 127 2
360 865 1
909 654 2
792 351 2
251 972 2
507 778 3
696 402 3
842 544 2
518 414 2
533 271 1
807 296 1
371 327 1
553 89 2
777 522 1
954 517 2
547 273 2
592 771 2
142 312 1
763 583 2
623 55 1
544 188 2
887 1 2
584 765 2
926 148 1
372 325 2
267 801 3
405 40 2
50 382 1
928 391 2
937 90 1
387 595 1
522 508 2
884 764 1
541 959 1
639 104 1
974 287 2
132 845 2
381 808 1
319 699 2
14 448 3
766 333 2
964 279 1
940 8 3
37 228 3
145 272 2
510 787 1
653 746 1
194 68 1
437 773 1
21 94 2
77 768 1
429 15 2
539 614 1
769 117 3
467 899 1
799 377 1
588 261 3
440 804 2
851 545 2
84 309 1
590 489 1
237 522 1
300 880 2
525 999 2
358 453 2
722 86 1
268 266 2
317 490 3
454 940 3
522 241 1
995 632 1
325 161 1
121 658 1
862 826 2
556 92 2
839 455 2
8 695 1
410 132 1
16 246 2
19 820 3
750 396 1
569 927 2
578 842 1
180 210 2
495 279 1
753 355 2
537 286 1
906 12 1
765 319 2
145 67 1
429 864 1
558 497 2
278 706 3
414 606 2
954 401 1
956 367 1
397 721 3
813 351 2
329 154 2
984 245 1
47 685 2
922 849 1
37 920 2
312 856 1
431 662 2
206 163 3
685 549 1
85 437 1
604 320 2
769 109 1
294 728 1
950 716 2
838 819 2
733 598 2
500 676 1
696 5 2
699 917 1
90 464 1
668 127 2
793 972 2
419 87 2
8 5 2
841 611 1
427 513 1
747 845 1
235 439 1
536 759 2
418 634 2
497 212 1
432 196 2
626 538 2
151 846 2
631 318 2
617 61 3
970 277 2
303 798 1
798 626 2
35 903 2
88 318 2
936 750 1
271 198 3
414 330 2
244 112 2
567 861 1
5 971 1
719 335 2
840 550 1
126 156 2
776 410 2
712 731 1
337 779 2
241 794 2
261 644 2
742 226 1
454 982 2
60 749 1
244 473 2
614 648 2
901 210 3
179 490 1
838 93 2
316 904 1
491 446 2
481 909 1
473 710 1
721 954 2
777 951 3
732 191 2
880 265 2
195 317 2
624 259 2
432 171 1
36 81 2
756 578 1
896 363 2
226 440 2
4 416 1
826 701 1
454 896 1
779 739 3
696 256 2
92 174 2
434 547 1
453 136 1
205 548 3
798 486 1
375 366 2
276 734 1
177 731 2
561 500 2
522 876 2
432 562 2
352 159 1
106 99 1
35 636 1
367 247 2
439 526 1
313 664 2
453 405 1
24 122 3
254 384 3
825 603 1
59 22 2
537 86 2
946 141 2
505 66 1
757 942 3
115 297 2
620 506 1
189 241 2
431 262 2
45 298 1
664 705 2
131 496 1
763 344 1
787 907 1
698 809 1
953 326 1
356 300 1
872 762 2
505 37 3
420 84 2
283 806 2
219 51 2
180 171 1
813 394 2
216 40 1
232 169 3
280 52 2
65 249 2
297 107 3
391 376 2
59 885 1
936 543 2
641 693 1
720 506 2
777 114 1
547 222 3
566 62 1
892 237 1
666 455 3
553 122 2
631 987 2
423 533 1
438 123 3
513 352 3
489 648 2
936 870 1
250 247 1
590 442 2
925 97 2
376 208 2
499 476 2
685 157 1
777 542 1
618 94 3
559 752 2
646 554 1
74 716 1
806 955 2
468 204 1
32 381 1
913 313 1
495 333 2
209 109 2
111 577 2
766 422 2
472 862 2
665 231 1
977 448 1
495 381 1
688 722 1
497 144 3
941 736 1
780 482 2
681 15 3
529 628 1
737 812 1
960 302 2
40 301 1
517 923 2
891 611 2
500 336 1
100 737 2
190 638 3
521 661 1
627 86 1
199 885 1
845 415 3
146 187 1
307 849 1
320 349 3
818 548 1
427 848 1
331 690 1
390 824 2
746 806 1
168 690 1
736 661 1
643 400 3
97 488 2
33 259 2
747 451 2
336 932 2
845 688 2
438 429 2
821 450 2
487 477 2
268 762 1
254 204 2
780 906 2
18 12 1
617 398 2
550 255 2
613 775 2
649 654 3
505 561 2
738 757 2
737 729 1
263 947 3
90 83 1
344 87 3
865 550 1
181 343 1
557 836 2
258 87 1
13 401 1
301 564 1
715 791 2
520 224 1
47 308 1
711 732 1
921 79 1
946 37 2
384 571 1
487 688 2
653 662 2
271 239 1
711 634 2
990 365 1
50 334 3
483 80 1
266 984 1
430 763 2
258 942 1
859 354 1
308 585 2
697 429 1
681 445 2
976 644 2
427 660 1
335 927 1
449 547 3
68 855 3
731 670 3
435 540 2
311 198 2
888 461 3
246 165 2
790 144 1
470 274 2
374 2 1
212 528 1
151 586 2
217 806 2
980 734 1
337 702 2
241 526 2
96 259 2
367 152 1
755 372 2
211 31 2
984 399 1
796 829 1
652 665 1
251 630 2
698 623 2
230 676 1
444 473 1
241 642 1
634 817 1
17 433 2
892 650 1
613 481 1
311 286 2
229 964 1
175 587 1
363 518 3
770 983 1
602 17 2
856 735 2
542 503 2
673 563 1
321 450 2
666 596 1
572 908 2
372 318 2
368 314 2
522 406 1
225 44 1
769 604 2
846 432 2
769 903 3
318 413 1
78 868 1
994 959 1
657 927 1
712 886 2
166 84 2
584 668 1
356 630 2
343 95 3
949 232 1
953 45 2
960 976 2
582 320 1
337 947 1
983 515 1
338 538 2
260 33 1
858 170 2
584 623 1
802 260 3
481 27 2
212 587 2
572 871 1
559 571 2
570 246 2
646 790 1
907 565 2
746 38 1
729 689 1
824 174 1
228 556 2
128 369 3
986 626 1
219 529 1
236 211 1
465 722 2
427 730 1
659 374 1
643 338 1
43 446 1
2 775 1
806 390 2
857 617 1
233 59 1
840 148 2
933 849 1
713 862 1
400 203 1
504 592 2
52 575 2
141 342 1
475 370 2
95 105 1
753 651 2
428 704 1
851 289 3
739 764 1
997 28 3
991 892 2
154 280 3
936 707 3
78 426 2
595 292 2
804 307 1
841 921 1
94 317 2
900 862 1
997 863 1
679 508 2
717 291 1
30 780 1
409 207 1
999 949 1
596 117 1
71 881 2
945 843 2
475 423 2
476 593 3
458 524 1
892 699 1
617 903 3
834 487 2
197 296 2
21 493 2
249 775 3
577 456 2
646 653 2
166 72 1
71 104 2
408 10 2
613 902 1
637 280 2
351 151 1
408 398 1
735 642 2
409 703 1
584 711 3
750 858 2
977 791 1
871 722 1
531 247 2
564 293 2
354 858 2
182 647 1
855 537 2
48 682 2
394 850 2
918 651 1
6 394 1
797 148 2
714 504 3
388 514 3
540 538 2
174 55 2
928 547 2
811 944 3
502 458 1
89 552 1
333 896 2
516 390 2
906 123 2
9 516 2
603 317 1
56 922 1
525 262 1
479 712 1
211 426 2
873 245 2
42 849 3
212 953 2
255 28 2
704 744 1
963 435 2
547 393 1
438 279 2
804 737 1
814 425 3
313 322 3
888 558 1
941 591 1
893 455 2
308 283 1
206 494 2
823 550 2
174 897 2
345 329 1
463 663 2
509 377 1
605 306 1
169 9 1
824 206 2
718 205 1
107 601 3
721 259 1
708 170 2
948 155 2
937 991 2
958 234 2
14 883 1
383 358 2
349 927 1
390 811 2
969 414 2
606 673 1
611 582 1
607 102 2
676 763 2
579 606 1
442 138 1
599 134 1
685 910 2
998 261 1
84 955 3
549 499 2
913 521 1
648 617 1
781 408 3
718 11 2
989 573 3
481 67 2
454 695 2
238 678 1
512 659 2
47 904 2
117 933 1
365 378 3
669 996 2
490 717 2
661 93 3
842 877 2
3 874 1
233 851 2
877 389 3
143 697 3
959 604 2
639 614 1
128 661 1
153 940 2
973 441 1
391 526 1
200 471 1
152 567 1
483 748 1
232 554 2
10 956 2
210 877 2
955 15 1
418 750 1
788 64 1
83 59 2
479 646 1
267 976 2
585 799 1
48 373 1
859 950 1
104 843 2
390 539 1
59 284 2
809 736 1
634 723 2
534 930 3
843 363 1
134 362 1
77 291 2
936 552 3
316 712 1
697 16 2
954 807 2
261 652 3
727 370 2
660 289 1
775 469 2
804 79 3
618 245 2
520 816 1
361 893 2
358 700 2
859 43 2
153 165 2
268 42 1
939 674 2
964 325 2
99 823 1
42 737 1
724 713 1
879 845 1
893 675 3
960 675 2
240 886 1
96 167 1
998 144 1
112 201 1
82 327 1
755 813 2
264 673 2
11 839 2
722 752 1
148 646 2
36 666 2
679 671 1
47 529 1
44 586 3
676 531 1
216 298 1
107 542 1
965 264 1
560 427 2
484 968 1
743 923 2
481 905 1
457 333 1
875 181 2
223 394 1
642 643 2
865 607 1
663 259 2
354 310 1
682 300 2
886 51 2
874 57 1
303 946 3
113 655 1
946 565 1
64 518 1
319 695 2
996 91 1
542 313 2
393 979 1
985 64 2
938 867 2
192 827 2
99 670 2
705 833 1
584 960 2
529 929 1
178 703 2
765 737 2
190 878 1
731 888 1
920 809 3
261 204 1
613 106 2
707 73 1
395 1 2
383 791 1
886 934 2
842 97 2
966 217 2
664 881 3
62 155 1
524 572 2
143 801 2
430 288 1
35 581 2
236 889 2
780 60 3
257 808 1
387 218 2
280 353 1
764 494 1
428 396 1
747 977 1
457 31 2
380 332 1
582 993 1
446 889 2
798 734 2
780 450 2
651 15 1
784 871 1
163 900 3
118 218 1
285 37 1
442 161 2
990 678 2
559 205 2
37 795 1
839 803 1
476 871 1
54 844 2
836 26 2
644 298 2
193 198 3
992 670 2
987 758 1
696 336 2
137 88 1
785 639 1
351 798 2
888 967 2
592 307 3
204 797 2
755 846 2
468 287 1
7 373 2
449 299 1
177 618 1
624 526 2
419 782 2
177 947 1
187 355 2
366 13 1
921 453 1
342 481 2
111 627 1
644 74 2
12 686 2
104 835 2
588 431 1
203 822 3
940 436 1
656 541 2
218 820 2
329 576 1
919 438 2
982 656 3
876 458 2
268 531 2
882 673 2
544 258 2
82 37 2
982 581 2
637 41 2
994 584 2
538 404 1
358 687 3
569 185 2
387 975 1
917 932 3
310 881 2
928 508 2
67 287 1
816 55 1
45 948 1
271 259 2
456 790 2
111 945 2
1000 636 1
928 408 1
442 187 2
554 859 3
19 817 1
500 645 2
959 313 1
755 185 3
29 746 1
148 452 1
680 82 1
117 310 1
967 456 1
424 658 2
183 698 1
802 495 1
459 175 2
824 577 2
626 564 1
860 684 1
62 673 1
592 785 1
93 759 2
34 994 2
222 577 1
705 923 1
326 270 3
478 783 3
201 278 2
891 832 2
662 1000 2
812 789 3
980 68 1
68 456 1
69 881 2
456 651 2
248 638 2
325 315 2
416 596 1
463 395 2
843 242 2
856 477 1
116 315 1
223 747 1
696 247 2
491 99 2
178 305 2
896 16 2
180 67 1
841 911 2
230 269 2
57 240 3
413 355 2
244 962 2
20 331 1
254 803 3
259 523 2
876 634 1
194 398 1
486 182 1
946 734 2
210 611 2
430 307 3
240 126 2
429 141 2
46 264 1
638 956 2
384 599 2
341 767 1
160 461 1
635 364 2
876 918 2
646 224 1
801 707 2
948 610 2
673 707 1
243 384 1
291 447 1
786 98 1
544 174 1
234 994 3
431 882 2
995 718 1
501 428 2
892 861 2
791 945 1
326 194 2
151 791 2
422 585 1
55 615 1
527 644 1
569 792 1
667 915 1
730 290 1
59 874 1
639 707 1
823 2 2
600 656 2
360 8 1
395 933 2
661 849 1
84 719 2
571 142 3
899 21 2
323 902 1
933 598 1
300 603 2
228 47 1
901 103 1
132 514 1
865 232 1
366 831 2
427 450 2
939 402 2
891 396 1
834 627 2
199 676 1
835 59 3
305 206 1
76 739 3
920 534 1
849 878 1
260 689 2
64 78 2
681 776 2
577 462 2
366 468 1
758 425 1
514 583 1
58 61 1
356 983 2
40 985 1
860 455 1
417 752 3
56 7 3
845 309 3
746 856 1
288 862 2
465 641 2
365 881 2
851 262 2
968 308 1
349 891 1
831 495 1
841 48 2
337 462 1
195 902 2
392 572 1
735 865 1
967 285 2
317 140 1
348 478 1
132 746 1
631 121 1
834 344 2
152 309 1
150 865 1
865 268 1
8 155 2
137 791 1
163 92 2
352 796 3
685 704 2
774 974 1
373 315 2
453 371 2
666 523 3
587 106 1
527 70 1
513 649 2
67 471 2
842 237 1
651 291 3
286 196 2
589 319 3
501 670 1
362 799 1
570 179 1
397 185 1
243 329 1
199 943 1
547 416 2
229 241 1
845 573 1
391 241 3
316 727 1
652 272 2
728 420 1
581 696 2
94 487 1
32 305 1
327 616 1
442 376 2
841 597 2
590 613 1
299 361 2
684 511 1
264 644 2
846 931 2
686 773 1
372 745 3
114 882 2
761 870 1
505 477 3
259 38 1
568 300 1
175 758 1
212 325 3
768 51 2
175 280 1
404 564 2
36 475 2
400 926 1
850 779 2
859 517 1
898 411 1
811 140 1
367 633 2
513 294 2
429 50 1
122 57 1
287 475 2
443 814 1
463 145 2
719 402 2
560 165 1
475 78 1
799 766 1
502 692 2
185 336 2
576 486 1
616 662 3
58 493 3
964 375 2
917 638 1
802 190 3
560 69 2
50 118 2
702 200 2
645 71 2
834 583 1
232 150 1
11 362 2
262 668 2
724 115 1
863 363 3
392 640 2
35 784 1
209 322 1
184 564 2
950 545 1
511 707 1
185 611 1
543 538 2
320 420 1
7 854 1
51 396 2
333 27 1
400 853 2
64 755 1
316 467 1
752 457 2
344 837 2
983 913 1
298 634 1
606 722 1
711 775 1
580 276 3
663 996 2
568 986 1
7 404 1
702 952 2
662 676 2
989 625 1
913 655 1
255 910 1
153 556 2
383 637 1
291 454 1
246 477 2
211 169 1
528 701 2
47 55 2
184 134 2
204 463 1
64 161 2
956 543 1
871 241 1
43 572 1
96 527 2
987 684 2
932 392 2
478 686 1
408 778 1
104 708 2
807 113 2
414 253 2
750 537 2
60 231 2
117 669 2
267 704 1
608 879 2
148 521 2
900 269 3
809 230 2
837 969 2
973 980 1
84 110 1
624 941 3
153 874 2
829 713 1
664 607 1
113 338 2
704 30 1
739 262 2
461 948 1
927 465 1
733 681 2
116 719 3
676 139 1
761 123 1
409 744 1
274 177 3
265 65 2
875 925 2
269 169 2
308 248 1
845 238 1
883 690 2
449 858 1
338 874 1
84 500 1
450 671 3
31 544 2
8 279 1
538 309 1
208 861 1
36 377 2
744 224 1
857 138 2
419 734 1
257 243 2
530 153 2
848 926 1
47 82 1
267 205 2
434 209 2
784 3 2
795 736 1
876 357 2
679 705 2
526 472 2
393 986 2
471 461 2
528 969 3
647 154 1
557 479 2
880 435 1
324 936 3
20 341 2
589 419 2
170 328 1
374 976 2
804 61 2
588 384 1
127 854 1
619 766 1
415 961 1
931 561 3
869 225 2
699 984 2
94 621 2
950 890 2
323 938 2
103 178 2
94 703 1
914 718 1
394 943 1
741 536 2
208 815 1
92 966 2
38 266 1
15 303 2
768 952 3
491 41 2
910 429 1
442 960 2
61 296 2
199 729 2
86 289 2
606 85 1
98 997 1
660 264 1
432 216 3
117 22 1
424 530 1
482 205 2
212 111 3
166 737 1
494 839 3
311 330 1
756 927 1
988 602 1
203 373 2
83 643 1
189 550 1
10 984 3
735 270 3
996 83 2
775 365 1
200 322 1
260 624 3
254 814 2
639 822 1
215 262 2
284 599 3
608 940 1
870 329 1
925 600 2
361 751 1
951 695 1
651 415 2
230 35 2
55 834 2
181 125 3
1000 561 1
14 192 2
29 744 2
20 395 1
828 675 2
787 960 2
858 901 2
449 81 1
527 80 3
873 499 1
956 911 2
576 417 2
534 283 1
322 301 2
561 629 2
122 667 2
712 577 1
888 683 2
36 509 1
772 860 2
290 49 2
76 569 1
861 824 1
153 880 2
488 259 1
257 756 1
862 965 2
267 312 2
537 953 3
428 381 1
701 179 1
347 899 3
622 88 3
112 778 1
680 936 2
527 235 1
604 583 1
334 864 1
85 332 2
847 298 1
681 758 2
299 952 1
72 102 1
890 278 2
951 596 3
453 924 2
102 336 3
589 542 2
112 919 1
863 752 1
87 470 2
338 983 1
95 732 1
153 939 1
243 294 1
768 369 1
862 980 1
650 620 2
605 285 1
861 225 1
366 403 1
755 123 2
278 327 2
138 493 2
705 107 2
658 707 2
133 945 2
243 184 1
179 364 1
456 440 3
386 889 2
556 210 1
72 690 1
18 332 1
290 772 2
9 373 1
322 960 1
269 917 2
929 841 1
985 412 1
686 823 2
106 552 1
716 848 3
55 52 1
186 638 2
784 711 1
701 260 1
746 11 2
130 606 3
433 256 2
618 318 2
887 32 1
341 987 2
889 602 1
171 536 1
152 585 2
487 724 2
35 267 1
739 652 2
393 95 1
214 549 1
328 486 1
868 128 3
526 250 2
352 62 2
106 617 2
505 195 2
888 789 2
233 691 2
206 877 2
520 609 2
689 954 2
773 108 1
445 201 1
8 159 1
718 569 1
570 821 2
430 444 3
572 652 1
59 425 1
696 587 2
945 311 1
995 431 1
992 15 1
815 912 1
481 821 3
416 637 1
604 923 1
221 303 1
702 937 1
526 824 1
762 202 2
957 303 2
460 799 1
555 45 1
88 629 1
162 285 1
174 447 1
396 119 1
596 491 2
675 504 1
255 635 1
354 235 1
805 579 1
579 884 1
978 677 2
445 719 2
865 303 1
568 953 2
289 985 1
75 171 1
261 829 2
936 404 2
496 557 2
930 987 1
999 909 1
826 43 2
754 833 2
518 955 2
743 84 1
631 814 1
994 576 1
319 73 1
662 55 2
125 177 2
829 447 3
470 258 1
659 85 2
515 627 3
815 657 1
142 455 2
426 416 2
457 768 2
647 634 2
585 551 1
863 442 3
81 365 1
897 523 1
686 397 1
640 30 1
574 915 2
517 120 1
855 620 1
44 17 3
212 871 2
485 99 1
87 55 2
916 227 1
463 84 3
364 172 2
744 156 1
557 440 2
429 985 2
767 230 1
13 430 2
547 322 1
403 504 1
380 376 3
855 544 2
758 749 1
471 524 2
936 896 2
542 127 2
596 826 2
854 993 1
886 773 1
835 129 1
808 859 2
715 120 1
695 235 2
59 925 1
330 393 1
341 249 1
250 786 2
904 694 1
531 524 3
891 222 3
911 742 1
416 126 2
300 413 2
142 525 2
330 35 2
449 206 2
177 634 3
52 73 1
272 373 1
226 270 2
348 491 1
976 572 1
434 938 2
522 20 2
379 794 1
409 154 1
925 51 2
914 210 2
125 311 3
457 673 2
775 962 3
207 375 1
500 758 3
769 993 1
800 742 2
743 986 2
47 330 1
3 16 1
140 231 1
728 537 3
517 105 2
849 299 1
1 83 3
189 754 1
78 848 1
973 610 2
724 834 1
566 956 1
749 186 2
326 676 3
155 470 2
330 244 1
721 552 2
520 530 3
763 473 1
952 769 1
149 285 2
106 78 1
373 566 2
383 23 3
864 855 2
993 2 1
919 80 2
173 702 3
738 312 2
276 490 2
125 146 2
559 38 3
16 765 2
63 208 1
285 227 1
488 300 3
453 934 1
641 485 1
417 10 1
576 56 1
292 119 1
193 10 2
989 239 2
62 807 2
774 678 2
493 157 3
515 888 2
730 349 2
762 903 2
982 465 2
635 332 2
640 787 3
398 141 2
1000 866 1
435 404 2
345 585 1
355 670 2
634 784 3
183 492 1
945 766 1
321 535 3
592 207 1
791 76 1
622 889 1
540 838 1
425 744 1
318 492 2
61 22 1
319 783 1
709 908 1
125 222 2
452 268 1
295 273 2
188 856 2
312 637 2
996 982 2
788 349 1
732 259 2
271 806 1
960 377 3
815 936 1
444 321 3
546 553 1
228 595 1
772 894 2
525 146 3
164 739 1
888 9 1
258 475 3
849 859 1
245 24 1
474 679 2
218 420 1
516 371 2
686 175 1
38 307 1
210 36 2
856 511 2
245 724 3
714 708 3
810 24 2
838 393 1
274 226 1
746 180 1
595 898 1
111 105 1
730 998 1
15 413 2
993 160 1
491 760 2
454 429 1
218 197 2
530 652 2
230 325 1
929 908 1
725 863 3
162 401 1
243 432 3
291 709 1
562 991 1
552 205 1
853 661 2
754 877 2
996 824 1
310 335 1
122 557 1
475 363 1
375 967 1
147 665 1
619 279 2
407 238 3
106 359 3
519 191 3
240 263 2
714 617 2
202 680 2
125 600 2
625 1 2
792 677 2
566 134 3
956 619 1
142 555 2
480 204 2
808 230 1
109 22 2
227 694 1
522 702 1
737 566 2
552 823 1
944 763 2
113 89 1
632 329 2
893 990 2
451 628 2
350 4 2
806 848 1
949 397 2
60 333 3
927 150 2
147 500 1
481 299 1
199 471 2
531 91 2
438 540 1
997 344 1
265 430 2
276 745 2
791 644 2
25 774 2
177 695 2
478 739 3
403 331 1
291 70 2
55 610 2
917 821 1
301 133 1
456 304 1
108 489 1
737 398 1
532 173 2
120 425 3
617 859 3
450 416 2
171 101 1
919 132 1
918 217 2
191 642 1
699 448 1
311 856 2
45 54 2
296 174 2
728 587 2
265 283 2
715 606 1
715 986 1
544 218 2
451 438 3
350 358 2
473 341 2
165 374 1
377 875 1
850 137 1
898 155 1
188 42 1
154 668 2
571 270 1
374 240 2
133 319 2
320 231 2
968 193 2
99 143 1
556 136 2
226 267 2
527 913 1
322 719 1
382 173 2
155 103 1
266 676 2
138 824 1
488 605 2
717 827 1
479 751 1
727 730 1
916 764 3
753 797 2
421 735 2
632 759 2
105 143 1
199 211 2
966 706 2
63 724 1
124 982 1
480 227 1
247 464 2
221 244 2
877 45 1
721 445 2
462 822 2
470 797 2
152 906 1
32 67 1
540 853 2
919 967 2
917 319 2
421 321 2
105 910 3
161 988 2
469 971 1
995 662 1
793 415 2
985 871 1
807 232 1
346 214 2
3 975 1
816 893 1
317 155 1
30 41 2
904 927 1
43 743 2
426 292 2
400 548 2
219 448 1
792 404 1
926 316 2
494 347 1
672 626 2
919 3 2
740 938 2
580 924 1
977 543 2
283 604 2
97 200 1
665 288 2
562 936 2
945 960 1
569 985 1
521 595 2
494 433 2
332 141 2
648 383 2
404 332 1
975 253 2
140 881 1
905 97 2
304 191 2
718 159 1
1 283 2
329 852 1
951 878 1
102 474 1
353 528 1
653 232 1
158 105 3
941 109 1
735 402 1
431 691 1
196 942 2
597 514 2
297 746 2
600 915 1
955 450 2
467 188 1
3 681 2
302 378 1
90 217 2
683 775 1
299 679 2
121 176 1
312 42 2
866 97 2
991 664 1
561 589 1
588 476 2
10 488 2
823 432 2
985 103 1
345 996 1
413 652 1
416 544 3
159 614 2
612 858 1
883 439 1
485 609 2
948 612 1
376 180 1
445 831 1
305 922 1
303 896 1
939 379 2
286 836 1
543 351 2
85 358 2
703 753 2
800 914 2
358 147 2
952 464 2
475 477 1
785 213 2
531 641 2
991 982 1
580 148 2
207 216 1
625 303 3
568 387 2
640 635 2
421 311 1
362 994 1
523 297 2
740 851 1
483 564 2
160 118 2
167 763 3
913 168 1
831 655 2
389 691 1
557 340 1
602 752 2
483 659 2
607 590 1
555 395 1
365 165 1
52 949 2
260 110 1
481 810 2
666 951 2
250 719 2
518 541 3
489 995 1
655 493 3
691 858 1
693 790 3
537 923 3
68 123 1
719 757 1
344 434 1
959 4 1
388 859 1
996 727 2
148 200 2
927 944 3
208 433 2
692 61 2
122 253 2
631 494 2
341 223 2
828 363 2
563 775 2
263 824 3
973 7 2
611 430 1
640 621 1
479 842 1
381 69 1
58 275 1
904 250 1
264 368 2
795 408 1
754 93 2
52 222 2
652 334 2
630 25 2
475 7 1
388 225 2
859 546 2
68 339 2
228 101 2
571 702 1
75 219 2
770 758 2
523 441 2
372 533 1
391 685 1
432 359 1
736 555 2
605 249 1
688 98 3
483 109 2
548 956 1
255 800 3
5 500 1
434 293 1
227 69 1
516 872 1
948 499 2
249 857 1
779 753 1
988 786 2
184 8 1
642 597 2
397 80 1
653 583 1
857 112 2
726 475 1
101 905 1
444 808 2
280 628 2
20 342 1
175 180 1
385 178 2
589 181 1
761 376 1
813 356 1
332 912 1
485 177 2
687 94 1
284 506 2
700 644 3
334 352 2
688 988 1
645 930 1
632 3 2
679 233 1
113 834 2
113 598 2
862 741 2
582 26 2
283 768 2
178 790 1
720 576 1
180 663 1
258 789 2
115 709 2
984 57 2
798 162 1
778 401 1
767 811 1
522 825 2
79 621 1
697 155 2
462 608 1
519 641 2
851 672 2
685 82 2
104 27 1
334 240 1
395 341 3
489 373 2
355 81 1
382 949 2
511 667 2
790 436 2
714 750 1
761 185 1
94 398 1
125 15 1
833 148 1
99 702 1
599 718 1
177 377 2
155 293 2
468 337 3
627 921 1
481 548 2
974 366 3
172 14 2
319 987 2
284 692 2
840 954 1
583 219 3
468 937 1
244 224 2
801 789 3
798 203 2
569 679 2
827 650 2
7 534 1
568 477 1
990 637 1
339 275 1
64 238 1
253 262 1
125 735 2
67 819 2
775 422 2
465 330 1
281 320 3
512 86 2
27 461 2
862 360 3
942 412 2
92 391 3
792 574 1
811 230 2
425 430 2
405 400 3
44 36 1
521 449 2
299 654 2
429 330 1
601 571 2
358 170 1
279 13 1
724 832 3
109 94 1
213 166 3
500 96 1
764 77 1
531 823 2
52 184 1
671 867 2
684 896 1
611 316 2
786 518 1
496 640 2
470 650 2
425 151 1
855 442 2
990 191 2
398 924 2
500 349 2
556 462 1
473 10 2
487 545 1
123 197 2
653 919 1
235 311 1
640 575 1
418 4 1
307 968 2
581 239 2
82 669 1
775 204 1
55 824 1
338 557 1
670 77 2
451 586 1
562 625 2
759 853 1
582 540 3
283 232 2
216 806 2
278 563 2
825 67 3
850 481 2
811 919 2
504 963 1
831 608 2
444 238 2
773 296 2
771 74 1
915 205 2
115 885 1
757 471 2
990 161 1
814 216 2
932 109 3
142 377 1
48 833 2
537 389 1
767 76 2
788 682 1
188 870 2
212 400 1
128 402 1
184 177 1
68 57 2
819 138 2
664 391 1
215 546 2
214 684 1
130 364 2
630 918 1
172 605 3
211 893 2
478 238 1
772 58 2
782 618 2
487 330 1
122 239 2
8 573 2
790 507 1
898 745 2
43 791 2
86 314 1
660 714 2
98 519 2
122 516 2
221 974 2
303 497 1
748 472 2
575 215 2
580 986 3
704 956 1
91 557 2
102 116 1
666 390 2
276 986 2
917 580 3
241 791 1
622 659 1
457 889 1
28 885 1
138 670 1
767 399 1
938 823 2
99 118 2
997 924 1
529 542 1
124 599 2
310 203 1
662 504 2
753 962 1
557 533 2
645 544 1
521 175 2
809 211 3
112 8 2
576 959 1
747 575 1
756 472 1
150 350 2
236 464 2
826 103 1
827 7 1
306 439 2
317 622 2
301 464 2
912 357 2
222 485 2
214 936 1
624 75 2
905 883 2
156 221 3
995 563 3
220 815 3
208 876 1
178 722 2
620 933 2
473 164 1
986 332 2
322 287 3
153 19 3
927 412 2
372 779 2
207 166 2
629 225 1
930 986 1
472 611 2
538 247 2
689 198 1
637 612 2
282 517 1
676 887 3
62 509 1
955 907 1
102 53 2
707 593 2
279 442 2
73 612 1
726 736 2
731 475 2
102 298 1
65 308 1
60 154 2
770 529 2
579 406 1
68 237 2
637 839 2
706 967 2
347 955 2
921 59 2
823 922 1
679 575 2
488 107 2
267 40 1
603 307 1
283 72 1
920 176 1
396 869 1
891 492 1
745 380 1
426 129 3
982 597 1
834 72 3
361 634 2
794 661 1
569 424 3
151 748 1
305 820 2
345 346 2
579 421 2
232 214 1
895 98 1
975 302 2
97 239 1
691 272 2
573 26 1
34 726 2
765 25 1
98 870 2
287 564 1
466 812 2
202 330 2
295 380 2
902 955 2
599 409 1
29 155 1
868 748 1
856 40 1
934 1 3
880 257 2
425 262 1
466 39 1
114 495 2
942 11 2
319 248 1
832 707 1
38 248 2
816 152 2
802 146 2
447 448 2
550 132 1
294 384 1
463 92 1
22 31 1
380 276 1
373 318 2
330 428 2
450 951 2
159 207 1
718 729 1
502 795 2
314 303 1
648 492 2
320 746 2
167 677 2
119 947 1
707 872 2
181 533 2
85 231 2
550 689 3
190 502 1
670 480 2
50 89 3
74 253 2
134 26 2
916 261 2
31 46 1
676 1 3
717 995 1
671 760 1
532 665 2
707 228 2
900 630 3
664 37 2
256 928 2
846 512 3
574 464 2
92 223 1
62 938 2
801 192 2
380 348 2
643 75 2
5 130 2
157 122 1
535 919 1
250 859 2
807 698 2
763 785 2
127 925 2
750 515 1
903 747 1
87 453 1
106 659 1
914 377 2
361 588 3
351 218 1
219 519 1
280 661 1
781 544 1
2 804 2
379 817 2
997 796 1
274 466 1
883 849 2
788 273 1
1000 682 2
461 37 1
948 876 1
687 636 1
180 783 1
771 44 3
126 665 2
704 188 3
191 17 2
920 199 2
680 651 1
306 882 2
73 292 1
340 449 1
10 854 2
62 897 3
987 612 1
273 413 1
51 395 2
94 203 1
12 105 2
129 354 2
122 257 1
602 305 1
436 79 2
605 6 2
343 966 2
461 132 2
817 172 1
776 252 1
374 212 1
123 557 1
870 108 2
83 476 1
131 912 2
176 563 2
375 458 1
341 493 2
587 250 1
452 533 2
345 49 1
55 308 2
811 891 1
382 564 3
964 874 1
34 231 3
640 686 2
94 710 1
606 176 2
372 952 2
287 127 2
12 923 2
284 609 2
539 573 2
171 272 1
165 490 1
932 781 1
609 288 3
244 494 2
271 264 1
576 24 1
756 790 3
609 644 1
944 13 2
58 888 1
229 369 1
487 821 1
524 881 1
801 587 2
385 872 1
233 114 1
400 949 2
323 262 3
989 619 3
471 79 2
814 636 2
277 1 2
368 874 1
473 965 1
692 22 2
424 622 1
392 927 1
541 929 1
214 62 2
579 526 2
85 671 1
289 886 2
103 250 2
40 719 1
152 98 2
956 180 2
914 790 3
839 708 1
630 75 2
771 26 3
376 16 2
190 81 3
359 479 2
247 717 1
935 143 2
199 546 2
81 653 1
686 21 2
957 360 1
414 729 1
319 638 1
818 710 1
502 459 1
712 863 2
674 416 2
509 306 2
268 543 1
538 221 2
803 804 2
3 59 2
962 283 1
101 347 2
421 891 2
904 77 2
961 279 2
608 602 1
902 281 2
522 345 2
186 950 1
9 300 2
673 847 2
831 24 2
286 22 3
459 913 2
721 814 1
907 174 2
861 769 2
432 275 3
637 482 2
692 707 3
287 134 1
199 298 2
338 951 2
345 407 1
99 305 2
759 173 1
354 755 1
427 210 3
27 81 2
621 986 2
375 181 1
515 102 2
752 916 1
746 376 2
973 198 2
353 415 2
376 200 1
452 386 1
204 284 1
928 343 2
749 735 2
369 654 2
96 645 1
267 820 1
238 643 2
959 930 3
366 219 2
88 712 2
773 302 1
557 296 3
197 673 1
374 476 3
939 387 2
828 207 1
279 423 2
906 103 1
371 217 2
33 885 1
664 564 1
718 327 2
672 740 1
636 451 1
447 332 1
827 787 1
471 206 2
673 839 2
573 360 2
112 386 1
154 198 2
218 532 1
211 77 2
884 394 2
890 124 2
420 542 1
197 165 2
204 152 1
652 528 2
566 790 2
566 823 1
827 657 3
271 608 2
212 463 2
384 272 2
176 20 2
239 714 1
25 292 2
253 758 1
160 885 1
26 869 1
179 1000 1
996 725 1
386 970 2
273 550 1
781 992 1
346 417 1
365 392 2
657 965 1
665 216 1
772 664 3
167 50 1
210 9 1
303 694 1
384 36 1
83 647 2
321 707 1
83 648 1
781 553 1
479 24 1
775 741 1
354 303 1
177 730 2
314 638 2
250 651 2
658 466 1
407 1 1
334 593 3
634 783 1
842 826 2
334 77 1
589 617 2
746 464 1
357 569 2
799 430 2
56 508 1
974 418 1
501 612 1
900 103 2
786 252 2
231 336 1
189 492 1
442 52 2
854 781 1
711 231 2
617 141 1
917 643 2
534 444 1
674 522 2
778 145 1
802 413 2
834 652 2
794 785 3
617 57 1
649 424 1
557 264 1
488 57 2
960 381 1
615 940 2
642 914 2
193 253 2
202 483 1
492 840 2
530 437 1
349 160 3
422 341 1
375 625 1
50 997 2
886 523 1
21 69 1
123 955 2
959 933 1
925 890 2
38 321 1
82 579 1
610 329 2
879 970 1
505 811 1
717 981 2
695 987 1
261 50 3
141 956 1
76 585 1
373 541 3
490 520 1
515 795 2
926 250 1
763 67 2
266 127 1
994 888 2
709 305 2
243 149 2
846 953 2
998 479 2
280 728 1
402 975 1
869 373 2
508 210 2
850 283 1
351 330 1
4 11 2
399 738 1
170 539 1
441 70 2
573 76 1
334 912 2
987 674 1
209 741 2
202 40 1
628 355 2
211 627 2
787 820 1
170 10 2
130 496 1
710 575 1
477 837 2
571 834 2
425 654 3
700 590 1
485 54 1
148 394 2
915 681 2
620 561 2
950 79 3
162 58 1
712 525 1
430 656 1
682 843 1
758 727 1
783 978 2
84 722 3
861 197 3
306 913 2
533 360 2
904 773 2
897 409 1
746 111 1
869 79 2
277 188 1
780 56 1
818 127 3
416 52 3
128 117 1
855 210 1
951 98 2
688 37 1
542 156 1
384 34 2
537 507 1
675 108 2
513 915 2
98 719 1
650 477 2
73 176 2
203 248 2
591 340 1
128 277 1
558 367 2
526 996 1
742 129 2
367 18 1
291 300 2
171 96 2
48 96 2
56 964 1
26 532 2
850 679 1
515 474 2
160 736 1
544 497 2
546 984 2
619 538 2
786 883 1
443 343 1
998 342 1
615 911 1
249 273 3
962 899 1
513 737 1
122 179 3
941 430 1
222 167 1
783 766 1
480 136 1
457 948 2
604 841 2
699 142 3
818 348 2
862 168 2
110 256 1
240 571 1
790 485 2
998 36 1
859 838 1
687 226 2
18 738 2
387 497 3
947 511 2
971 639 3
10 800 2
447 178 2
782 840 2
403 214 1
684 298 3
681 45 2
504 377 3
128 963 1
172 832 2
784 25 1
457 961 1
957 194 2
415 620 1
279 133 1
716 75 1
339 487 2
244 697 1
637 935 1
639 198 3
338 619 2
265 30 2
618 230 2
143 343 1
649 506 2
593 173 2
44 903 2
917 201 1
897 341 2
865 425 3
107 351 1
742 847 2
238 998 1
108 820 2
833 86 3
841 103 1
740 552 1
588 616 1
721 416 2
721 737 2
244 178 1
895 167 2
427 724 2
187 180 2
322 788 2
468 403 1
361 282 1
700 486 1
790 257 1
888 823 3
292 304 1
63 195 1
340 788 1
805 348 1
837 65 2
140 257 2
741 505 2
867 350 1
203 163 2
992 628 2
60 466 1
455 388 2
795 599 3
251 466 1
899 501 1
48 160 3
981 604 1
922 719 2
214 458 2
902 280 3
68 509 1
14 941 2
322 226 1
685 880 2
131 663 2
21 436 1
221 590 1
292 612 2
700 958 2
218 117 2
927 27 3
394 522 1
204 959 2
391 158 2
211 555 1
464 327 1
770 880 2
924 509 2
376 265 1
950 204 1
807 224 2
155 920 3
223 242 2
239 490 1
922 76 2
585 435 1
598 572 1
91 950 2
328 763 1
628 735 2
719 988 1
834 486 2
694 380 3
885 306 2
340 878 3
634 324 2
425 404 2
394 980 1
578 42 1
82 245 1
797 164 3
815 621 2
423 853 1
782 689 2
662 491 2
841 173 1
27 644 2
724 842 1
596 271 1
11 960 3
15 666 1
67 585 2
806 612 3
255 470 1
775 152 2
192 685 2
376 53 1
583 535 2
202 470 2
925 601 1
315 720 1
7 346 2
746 455 2
578 289 1
800 27 2
221 687 2
654 290 2
342 947 3
374 180 2
164 389 1
69 392 1
570 31 2
312 252 2
853 693 1
385 741 1
207 80 1
558 933 2
968 371 2
673 251 2
957 2 2
271 42 1
892 254 2
871 282 2
577 280 1
821 974 3
17 564 1
259 76 2
263 143 2
569 632 1
906 59 2
10 208 1
697 790 2
951 274 2
5 656 1
633 469 2
939 623 2
862 886 2
231 575 1
950 607 1
426 616 2
997 148 2
444 792 2
423 994 1
849 713 1
778 759 2
422 30 1
133 696 2
922 824 1
100 190 1
419 683 2
922 369 2
643 559 1
859 393 1
416 876 2
822 60 2
455 984 1
316 184 3
171 862 1
295 906 2
155 377 2
759 725 3
858 967 1
919 75 2
624 358 1
824 588 3
295 133 1
100 826 2
695 563 2
208 751 2
861 457 3
2 508 2
28 399 2
336 689 1
557 592 1
312 431 1
407 868 1
514 382 1
26 734 2
663 844 1
740 3 2
208 73 1
497 910 1
327 914 1
300 91 3
197 611 2
971 944 2
697 252 3
729 776 1
103 931 1
552 299 1
812 795 3
861 231 1
236 728 2
839 422 1
361 730 2
971 364 2
664 589 3
900 369 2
177 916 1
606 702 2
605 43 2
639 829 2
258 520 1
566 529 1
488 516 1
212 730 2
251 865 1
109 394 1
896 282 2
317 507 3
426 665 1
633 962 2
737 910 3
41 235 3
953 97 3
295 916 1
877 63 1
303 201 3
575 367 1
931 502 1
662 723 1
94 506 1
526 910 2
810 183 1
154 546 2
616 980 2
526 770 2
426 291 2
814 768 1
633 651 3
845 286 2
125 323 1
299 852 1
703 742 1
307 807 1
682 4 1
184 765 1
514 817 3
530 881 2
345 769 1
345 603 2
347 225 3
206 503 1
840 962 2
98 599 2
487 32 3
827 281 1
192 995 1
805 539 1
185 124 1
731 965 2
163 588 2
621 553 1
250 137 1
987 362 1
921 433 2
562 635 2
872 17 1
765 521 2
618 576 1
9 961 2
214 820 1
703 578 1
578 300 1
846 313 1
653 489 2
468 838 3
948 771 1
231 587 1
734 267 2
167 74 1
658 365 1
182 957 2
527 575 2
505 146 3
575 583 2
412 653 1
520 645 2
778 668 1
335 800 2
506 830 2
459 53 3
841 458 2
356 81 1
709 589 3
803 449 1
21 355 2
533 443 3
38 583 2
937 704 2
91 230 3
786 271 1
159 555 2
543 535 2
82 546 1
649 573 3
941 602 2
611 367 1
925 191 2
368 187 2
677 814 1
739 908 2
809 141 1
122 224 2
271 793 3
883 156 1
511 845 1
315 810 1
315 389 3
646 311 2
866 351 1
618 422 1
593 171 1
183 787 2
922 151 1
511 668 2
643 837 1
764 941 1
628 257 1
69 632 3
35 167 3
454 14 2
351 585 1
745 120 1
481 194 2
61 518 2
521 814 2
878 889 2
880 238 1
649 346 2
963 871 1
509 52 2
35 236 1
932 999 2
767 119 2
30 484 2
481 343 1
752 519 2
194 414 1
377 558 1
863 17 2
581 689 2
22 155 2
238 804 1
722 125 2
840 241 3
843 862 1
754 182 2
226 817 1
895 679 1
535 581 2
984 235 2
753 997 2
640 249 2
444 966 2
133 974 2
569 628 1
964 322 1
683 546 2
562 840 3
930 893 1
35 217 2
470 370 2
287 807 1
625 106 2
840 548 1
952 252 3
750 234 1
86 148 1
465 37 1
893 660 1
236 634 2
457 486 1
804 853 2
470 188 2
816 766 2
651 556 2
979 877 1
779 24 1
618 148 2
795 119 3
722 490 1
768 179 1
778 333 2
829 199 2
414 284 1
316 399 2
802 731 2
701 354 2
483 696 1
518 802 2
318 209 1
645 435 1
270 436 2
445 14 2
68 15 1
366 345 1
153 354 1
172 66 2
131 402 1
380 72 2
683 3 1
238 862 2
936 270 1
585 966 2
147 962 2
774 533 1
746 972 1
425 604 2
710 553 2
765 747 2
989 429 1
330 537 2
598 313 1
458 19 3
773 294 2
284 650 2
583 151 1
609 297 3
769 193 1
714 472 1
15 21 2
123 699 1
528 224 2
301 579 2
581 555 2
684 945 2
914 867 2
245 166 2
207 378 2
577 720 3
295 211 1
695 539 1
87 834 1
957 36 2
509 144 1
336 396 1
333 229 2
235 58 2
537 14 3
500 642 3
416 274 1
203 879 1
537 371 2
486 844 1
620 361 2
102 158 1
538 30 1
519 974 2
248 808 2
683 654 2
287 567 2
752 624 2
607 216 1
725 658 1
738 875 1
976 423 2
516 129 1
134 440 1
931 109 1
30 974 1
405 330 1
373 799 2
915 731 1
171 990 2
441 348 1
434 315 2
432 977 2
25 654 1
733 243 1
243 911 2
504 870 1
544 680 2
549 965 1
162 863 2
474 604 3
666 922 2
521 895 2
187 806 1
110 358 1
551 59 2
225 237 3
23 108 1
125 61 2
702 901 2
518 941 1
3 865 1
917 121 2
618 683 2
185 960 3
54 117 2
48 62 1
846 629 1
944 430 2
870 904 2
805 305 1
259 712 2
907 456 1
916 526 3
928 454 1
883 91 1
124 399 1
539 471 1
507 468 1
454 489 1
962 252 1
741 442 2
108 199 2
786 327 2
453 459 1
356 989 2
30 978 1
473 894 3
212 795 3
134 189 1
444 686 1
708 761 2
75 249 1
844 536 3
848 299 2
476 825 1
948 716 2
813 874 1
592 981 2
4 205 2
655 848 2
997 480 3
140 861 1
840 382 1
167 58 1
226 536 2
806 718 2
494 7 1
673 33 2
579 407 2
41 642 1
745 517 1
457 937 1
735 738 2
722 363 2
896 10 1
992 275 2
587 370 1
225 183 1
663 894 1
688 872 1
517 289 1
761 52 1
255 462 1
294 255 2
518 814 2
147 571 2
351 812 2
973 663 2
586 719 2
875 509 2
246 644 1
65 670 2
878 73 2
294 827 2
343 105 3
118 449 2
173 433 3
441 142 1
548 274 3
801 937 2
523 368 3
262 354 2
722 642 1
372 718 1
550 697 1
727 252 2
717 568 3
604 104 3
749 488 2
80 81 1
12 28 1
884 580 2
724 191 2
621 999 1
624 332 3
376 796 1
44 794 1
529 227 2
441 419 1
401 450 1
721 760 1
629 799 2
765 339 3
184 725 2
845 617 3
583 280 2
447 604 1
131 671 2
98 436 1
865 898 2
469 498 1
333 283 1
996 130 1
959 546 1
507 750 2
869 313 2
313 753 1
839 382 2
738 367 2
874 438 1
135 308 2
625 182 2
918 543 2
30 414 3
691 511 1
494 9 2
210 707 1
832 959 1
746 882 1
82 156 3
632 798 2
105 367 2
853 934 2
634 681 1
479 166 2
360 351 1
896 500 2
303 826 3
582 837 2
585 413 2
384 40 1
619 292 3
423 821 1
671 651 2
642 623 1
810 524 2
684 490 1
819 534 2
554 867 1
941 1000 1
479 147 1
35 886 2
715 418 2
151 934 2
497 156 1
928 186 2
493 56 2
169 800 2
388 671 2
505 16 1
717 336 3
896 17 2
552 519 2
793 578 2
252 336 2
730 306 1
670 154 1
994 774 3
665 367 1
585 983 2
498 405 1
720 469 2
557 644 1
935 864 1
961 669 2
528 657 1
687 643 1
23 527 1
772 35 2
384 131 1
919 723 1
159 402 2
971 693 2
162 993 3
790 964 1
169 748 2
606 549 2
788 489 1
680 401 2
761 174 2
35 862 2
346 947 1
367 899 2
719 728 1
474 193 2
110 603 2
139 329 2
493 736 1
53 652 3
697 755 1
279 344 1
699 476 3
888 281 2
38 940 1
114 90 3
367 521 1
70 919 1
7 89 1
87 225 1
740 251 3
395 97 2
556 910 2
310 74 2
194 276 1
580 794 1
821 407 1
614 797 2
672 554 2
53 313 1
944 86 1
106 497 1
869 511 2
17 686 1
560 765 1
391 295 1
844 122 1
347 966 1
967 7 1
264 125 2
589 552 1
271 410 1
50 542 1
984 620 2
81 873 1
445 420 1
865 20 1
927 523 1
844 953 1
253 27 1
426 232 1
13 915 1
162 96 2
106 177 2
489 22 1
938 441 2
261 724 2
344 884 2
249 296 1
345 328 1
194 88 2
314 670 1
244 450 1
332 896 2
197 475 2
868 101 1
694 998 2
601 185 2
681 16 1
188 927 2
174 472 2
778 978 1
145 767 1
449 616 2
326 334 2
657 821 1
237 636 2
536 38 2
849 242 2
257 894 3
959 425 2
280 835 1
374 477 1
511 288 2
359 508 1
931 722 1
484 41 1
161 490 2
168 310 2
620 943 2
307 568 1
699 51 2
405 449 2
917 383 1
488 638 2
211 328 2
356 495 2
377 465 2
190 654 2
464 516 2
977 133 1
904 182 1
902 910 1
214 58 1
58 17 3
343 545 2
409 908 1
315 710 1
725 594 1
972 378 1
827 220 1
600 653 1
292 651 3
69 654 2
260 159 1
433 744 2
648 703 3
167 19 1
471 538 2
412 806 3
673 68 1
95 37 3
529 159 2
860 207 2
982 505 1
947 32 2
875 132 2
268 532 1
834 71 1
13 48 2
205 210 3
32 535 1
808 794 1
628 698 2
66 442 2
968 2 1
29 367 2
934 504 1
557 388 1
244 947 2
858 41 2
696 50 1
328 918 3
868 496 2
626 759 1
614 752 3
487 592 2
255 673 1
346 459 2
471 443 3
29 99 2
628 797 2
774 681 2
267 145 1
789 279 1
155 713 2
138 913 2
428 433 1
123 987 2
435 620 1
373 644 2
877 120 2
920 935 1
718 731 1
43 413 1
566 485 2
543 553 1
844 921 1
542 698 1
649 488 2
552 911 1
498 385 2
246 860 3
296 510 2
238 190 2
370 945 1
440 90 2
139 604 3
881 323 2
372 359 2
536 232 2
475 372 2
780 172 1
627 847 2
444 262 1
590 620 1
284 278 1
823 376 3
72 652 1
803 840 2
129 568 1
329 624 1
326 780 2
422 236 1
860 185 2
572 461 1
428 825 1
604 550 2
964 545 2
70 840 1
148 409 3
502 790 1
876 36 2
969 887 2
359 750 2
298 546 1
823 30 2
743 395 1
288 852 2
315 401 2
763 181 2
393 536 1
986 882 1
450 402 1
429 279 2
252 261 1
530 840 3
156 732 1
251 535 1
255 300 2
204 407 1
668 293 2
181 62 1
411 28 2
444 883 1
580 146 1
921 399 3
997 473 1
366 803 1
829 332 2
237 631 1
312 717 1
480 218 1
557 399 2
628 820 2
952 576 1
303 980 2
571 541 2
534 296 1
171 317 3
684 123 1
817 264 2
989 53 1
248 759 2
751 832 2
852 908 1
357 343 1
629 597 2
582 229 3
19 354 2
437 317 1
772 588 1
883 66 1
311 412 2
104 210 1
142 468 1
535 642 1
954 716 2
274 853 2
501 160 1
842 207 2
497 208 2
83 749 1
752 286 2
1 398 1
469 684 3
926 49 3
63 367 1
300 368 1
994 973 1
339 539 2
616 923 1
183 534 2
158 22 1
609 13 1
728 390 2
60 580 1
401 118 1
987 910 2
136 662 2
970 132 1
512 699 2
792 955 1
21 722 1
511 841 2
40 379 1
583 119 2
368 427 1
906 332 1
217 185 1
40 9 2
422 664 1
217 173 1
300 922 1
385 28 1
874 766 2
896 707 2
271 761 2
637 214 1
613 235 3
128 331 1
450 139 3
212 163 1
428 422 2
960 764 3
533 966 1
117 429 2
685 695 2
819 180 1
683 931 3
635 569 1
478 137 2
127 463 2
360 860 2
838 771 2
568 41 1
394 790 1
788 199 2
430 857 2
234 731 1
169 952 3
760 44 1
656 625 2
630 103 2
664 918 2
512 914 3
451 622 1
158 603 2
46 516 1
120 67 3
668 304 2
803 140 2
461 864 1
798 561 1
28 204 2
210 474 1
867 365 1
951 71 1
793 142 1
480 581 2
575 430 1
32 397 1
849 437 1
853 518 2
628 599 2
278 33 2
877 259 1
17 195 1
942 319 1
244 814 2
447 96 2
165 880 1
752 35 2
738 779 2
299 525 2
404 930 1
15 258 2
655 455 1
275 337 2
328 957 2
625 335 1
648 880 1
706 555 1
401 967 2
833 937 2
123 751 1
11 843 2
783 147 2
631 591 2
166 583 2
537 35 1
53 241 1
496 811 1
925 349 1
666 828 2
396 558 1
314 940 2
874 215 2
178 969 1
503 950 2
175 138 2
608 345 1
557 724 2
44 678 1
724 353 2
280 176 2
389 532 1
466 843 2
467 479 1
138 598 2
498 847 1
478 338 1
820 901 1
489 10 2
606 236 2
747 114 1
347 32 2
862 765 2
912 15 1
564 72 3
594 989 3
426 485 2
26 176 2
591 29 2
148 47 1
710 690 1
853 139 1
517 980 2
515 602 2
741 343 1
640 944 1
280 621 1
334 215 3
46 726 1
438 266 2
271 945 2
345 732 1
127 328 2
654 401 1
949 487 2
151 150 2
21 304 1
276 750 3
95 259 2
19 579 2
379 973 1
812 727 2
59 202 3
857 884 2
259 221 1
103 839 3
953 38 2
892 993 1
898 639 2
999 638 2
832 835 1
293 794 1
254 563 2
3 716 2
427 458 2
772 191 1
666 145 3
496 855 1
740 399 2
228 650 2
987 591 2
308 931 2
963 782 1
293 60 2
188 834 2
227 200 2
643 771 2
911 343 2
920 411 2
206 941 2
674 17 2
914 651 1
308 582 3
600 360 2
652 864 2
574 556 2
387 573 1
44 444 1
704 824 2
127 376 2
520 444 2
760 608 2
987 819 2
495 659 3
987 587 2
258 896 1
809 459 1
233 991 3
149 753 1
571 605 1
755 958 1
989 180 2
77 913 1
234 777 2
324 620 1
926 365 3
790 246 2
209 415 3
270 973 2
747 661 2
894 803 1
258 46 3
289 929 3
424 824 2
275 632 1
778 895 2
462 303 2
195 92 2
278 578 1
484 162 1
437 788 1
192 348 2
889 827 2
182 378 2
530 936 3
96 12 2
234 951 1
354 114 1
840 107 1
495 37 1
590 15 2
103 593 1
393 450 2
379 640 2
512 878 2
202 67 1
497 86 2
943 990 2
456 834 1
486 631 1
203 254 1
559 888 2
177 763 1
803 5 1
563 319 1
180 337 1
503 703 1
9 137 1
418 668 1
702 223 2
110 620 1
475 146 1
210 311 2
208 464 3
944 658 1
300 759 1
850 839 1
66 215 2
70 657 2
892 206 3
512 223 1
185 852 2
23 730 2
917 765 2
718 341 2
397 348 2
991 879 2
904 10 2
864 839 1
344 378 3
767 385 3
559 630 2
796 965 2
3 995 1
366 273 2
428 225 3
863 747 2
724 938 2
777 536 1
181 254 1
892 717 1
486 546 1
428 854 1
522 98 1
710 974 1
231 94 1
627 676 1
9 173 1
860 601 1
945 564 3
687 750 2
829 456 2
734 820 1
210 728 1
981 16 2
69 366 1
627 870 1
992 823 1
138 449 2
417 918 1
462 819 1
719 926 2
523 321 2
489 607 3
962 735 1
94 519 2
318 254 2
27 862 1
527 90 2
53 261 2
19 623 1
982 973 2
848 65 2
472 412 1
668 754 1
433 327 2
375 295 1
786 492 3
848 166 2
698 373 2
947 411 1
37 203 2
896 852 1
411 167 1
881 169 1
785 628 1
181 961 2
957 88 3
430 842 2
342 867 1
766 456 1
96 578 1
298 149 1
978 221 3
229 932 1
42 728 2
275 705 1
55 138 2
541 40 3
726 763 2
152 570 1
166 993 1
340 118 2
567 212 1
345 860 1
46 372 2
248 268 1
954 226 1
683 978 1
375 219 1
712 600 1
594 492 1
283 857 1
69 135 3
80 745 2
833 502 2
306 429 1
269 233 2
118 666 2
689 252 1
553 482 1
922 509 2
759 766 1
395 588 1
448 116 2
570 183 1
819 822 1
311 870 1
34 676 1
137 188 1
639 372 1
679 913 1
434 960 2
936 228 1
162 628 2
302 673 1
578 264 3
231 274 1
110 380 1
761 741 2
537 670 1
905 999 2
256 6 2
748 141 2
945 381 2
90 625 2
447 284 1
425 702 2
701 699 2
295 878 1
322 908 1
346 141 2
192 914 2
529 334 3
829 834 1
172 350 2
342 679 1
755 970 1
668 821 1
926 361 1
176 533 2
998 485 2
916 87 2
213 921 2
269 447 2
29 363 1
292 417 1
311 582 2
420 271 2
224 181 1
158 622 2
638 138 2
619 214 2
96 668 1
606 230 1
89 646 2
530 853 1
648 412 1
181 754 1
175 418 3
612 636 3
159 286 2
61 710 1
95 316 1
154 418 1
812 567 2
327 355 1
883 133 2
97 855 2
362 460 1
201 329 1
174 491 2
776 923 2
987 579 1
865 689 2
370 551 2
948 640 3
490 198 1
88 789 1
652 376 1
88 406 2
47 313 1
647 877 2
154 388 2
760 719 2
78 774 2
8 555 2
599 62 1
543 186 1
14 616 1
787 219 1
510 696 2
893 90 2
585 383 3
587 813 1
922 918 2
655 760 1
459 41 1
676 960 2
17 108 2
950 923 1
250 529 1
689 924 1
435 225 3
878 386 2
749 365 2
519 852 1
509 792 1
996 903 2
741 543 3
446 461 2
31 453 2
992 372 1
563 605 1
674 75 3
642 974 2
851 517 2
352 667 3
351 24 3
769 203 2
568 939 2
790 534 2
155 170 2
976 608 2
425 792 2
657 571 1
1 482 1
188 618 1
938 40 2
147 222 2
247 124 2
583 552 1
399 133 1
664 62 2
422 250 3
849 244 2
460 905 1
882 613 2
355 268 1
618 441 1
802 335 2
319 823 1
670 353 2
724 968 2
433 506 2
701 532 2
86 8 1
762 121 2
9 688 2
591 766 2
867 347 1
617 986 3
836 367 1
678 92 1
769 113 1
82 862 3
610 293 2
846 484 1
895 765 2
433 704 3
763 90 1
244 714 1
780 361 2
293 825 1
169 163 1
452 412 1
378 470 2
913 108 1
13 294 2
106 236 1
766 661 3
976 138 2
313 674 2
761 163 2
51 234 2
291 399 1
87 881 1
641 135 1
262 573 1
643 399 1
199 136 1
562 612 1
708 428 2
971 662 1
53 606 1
524 817 1
459 688 1
274 882 1
470 998 1
133 436 2
314 101 2
320 182 2
158 325 1
541 56 2
734 110 2
878 33 1
400 215 2
639 780 2
702 17 1
313 253 1
93 484 3
757 330 2
172 500 1
807 144 2
37 372 1
850 625 1
339 479 1
564 552 2
71 11 1
651 429 2
235 412 1
983 310 2
364 965 2
83 603 2
341 485 2
779 381 3
407 143 1
670 624 2
253 336 2
828 171 2
823 904 2
782 774 1
439 383 3
662 224 1
691 993 2
235 477 2
638 262 1
468 462 1
645 922 2
136 383 2
833 726 1
64 589 1
661 419 3
129 890 1
548 471 2
301 758 2
112 868 1
330 937 2
966 927 2
28 675 3
882 950 2
668 95 1
652 640 1
324 106 1
778 281 2
558 835 2
190 741 2
414 578 2
431 587 2
785 381 2
999 927 1
449 22 1
179 686 2
240 261 3
648 385 2
998 166 2
781 127 1
35 565 2
780 318 2
897 255 3
382 655 1
238 928 2
639 467 2
304 703 3
300 95 1
876 105 1
5 610 1
325 928 1
692 509 2
87 395 2
462 124 1
926 565 2
97 636 1
901 582 1
230 156 1
911 665 3
677 53 2
534 577 2
147 964 3
808 460 3
145 133 2
329 998 1
602 13 1
202 980 1
131 923 1
645 864 2
338 781 1
220 28 1
935 65 1
531 249 2
573 730 1
879 683 1
136 109 2
986 890 2
76 625 3
241 682 2
307 24 1
378 600 1
893 579 2
516 442 1
306 644 1
411 306 1
328 51 1
64 168 1
502 14 2
519 195 2
703 718 2
151 160 3
630 232 1
49 96 1
387 850 1
138 630 2
172 314 2
135 957 1
92 824 2
166 484 1
906 785 2
767 908 2
329 49 1
631 179 2
804 563 2
921 909 1
152 589 2
591 820 1
238 56 1
617 588 2
742 775 1
696 550 2
852 994 3
153 464 2
947 804 1
768 645 1
378 422 3
140 689 1
505 638 1
209 159 1
670 56 2
850 219 2
479 371 1
680 882 1
269 339 2
397 598 2
163 789 1
20 196 1
108 575 2
850 224 1
755 243 2
600 173 3
100 980 1
933 610 1
347 313 1
18 953 1
900 527 2
892 864 2
854 296 1
829 380 1
971 790 2
960 279 1
785 303 2
990 858 2
707 185 1
133 317 2
498 363 2
818 858 1
772 762 2
752 332 1
161 234 2
371 700 1
702 817 2
383 7 2
624 206 1
774 517 1
658 326 1
979 847 2
493 903 2
500 461 1
390 606 1
682 419 1
93 930 1
346 936 2
466 933 2
68 955 1
814 942 1
719 920 3
259 186 1
522 377 1
942 693 1
150 511 1
863 582 1
276 217 3
855 391 1
159 335 2
779 524 2
896 317 3
5 954 1
99 325 1
486 762 1
524 731 2
894 809 2
800 253 1
244 404 1
558 680 1
589 84 2
301 610 1
320 234 3
91 128 2
616 370 2
803 830 1
492 628 1
11 73 1
902 38 2
349 944 1
161 343 1
755 588 1
395 538 1
584 624 1
49 521 1
22 131 2
258 635 3
825 833 2
992 847 1
685 871 1
452 119 1
80 503 1
870 679 1
339 851 2
194 313 1
784 457 3
496 784 2
646 678 1
522 443 2
548 23 1
954 88 1
190 921 1
500 931 1
890 508 2
13 725 2
551 278 1
739 582 1
687 754 2
86 866 3
916 638 2
980 459 2
405 972 2
880 128 1
989 791 3
747 677 1
170 224 2
448 67 2
531 54 1
281 259 2
783 788 2
770 952 2
70 541 3
852 6 3
439 251 3
556 661 1
145 529 1
910 913 1
992 936 2
322 128 2
713 49 1
226 165 2
75 638 1
857 321 1
762 533 2
764 866 1
321 721 2
1000 973 1
56 98 2
541 926 2
72 45 1
137 296 1
484 284 2
912 995 1
81 77 1
670 421 1
612 540 2
338 316 1
66 275 1
707 547 2
884 650 1
726 111 2
53 855 2
490 637 2
435 199 3
415 934 2
119 756 1
69 567 1
773 256 3
863 102 3
403 368 2
364 533 2
746 576 1
750 757 2
742 318 2
446 599 1
857 55 3
606 185 3
63 65 1
94 508 2
760 180 2
406 598 2
263 301 2
443 272 3
53 573 2
652 549 2
874 559 1
425 397 1
198 354 2
331 286 1
863 909 1
231 45 1
672 536 2
790 389 1
81 127 1
267 825 1
738 378 2
617 808 2
204 275 2
370 908 1
17 450 2
922 428 3
223 126 2
2 679 1
856 631 2
900 661 2
441 874 1
339 495 1
179 144 3
10 889 1
192 746 1
669 192 1
248 574 1
902 888 1
14 933 2
105 125 1
601 973 2
519 958 1
188 288 2
69 854 1
198 58 2
301 319 1
862 796 2
287 693 1
36 567 2
789 792 1
150 917 2
338 146 2
334 956 2
820 678 2
911 757 1
402 24 1
926 339 2
726 227 2
513 274 2
880 981 1
787 496 2
489 104 1
132 241 2
721 774 2
661 190 1
76 858 2
904 35 1
778 474 2
286 133 2
749 111 1
355 135 1
62 253 1
658 720 1
511 235 1
995 809 1
879 395 2
577 934 1
102 222 1
616 37 3
581 434 1
186 73 1
496 30 2
46 320 1
818 631 1
762 570 1
870 634 1
976 320 2
74 346 2
423 146 2
531 204 2
969 160 1
346 721 2
195 521 1
600 180 2
383 938 1
62 448 2
80 72 3
314 445 2
43 159 2
194 968 1
353 349 1
917 87 2
179 224 2
27 176 1
579 473 2
167 608 2
962 218 2
646 991 1
132 497 1
833 673 1
782 101 2
86 403 1
929 22 2
376 608 2
417 953 2
686 143 2
596 431 2
959 666 2
81 845 1
661 658 1
439 589 1
983 994 1
729 553 2
868 808 2
957 658 2
798 460 1
321 629 2
975 824 2
95 629 1
385 74 2
701 892 1
380 615 1
272 169 2
850 533 1
604 169 1
914 657 2
542 756 2
936 509 2
393 79 3
111 367 1
156 303 1
855 559 2
951 112 3
143 640 1
432 893 2
69 36 1
162 750 3
320 567 2
702 681 1
817 965 2
975 865 1
80 234 3
270 772 2
100 424 1
829 711 1
577 500 2
292 70 2
670 767 1
965 644 2
912 670 2
866 83 1
772 898 1
361 465 2
145 713 3
330 108 2
798 356 2
243 10 2
794 763 1
916 557 2
627 856 2
668 801 1
456 103 2
531 46 1
750 896 2
338 278 2
328 597 2
370 838 2
438 13 2
578 882 1
354 4 2
435 849 2
793 536 2
705 840 1
501 292 1
766 247 1
923 277 2
251 283 2
358 979 1
632 192 1
199 380 2
50 652 1
541 310 2
595 405 1
570 495 2
916 199 3
91 728 1
169 105 2
303 765 1
133 761 3
827 990 2
652 526 2
446 395 2
798 901 1
616 1000 1
144 645 2
312 250 2
543 102 1
764 16 2
639 326 2
950 109 2
98 813 2
397 859 2
618 235 3
351 836 3
658 163 2
92 2 1
947 677 2
372 520 1
56 552 2
34 682 3
424 309 2
707 428 1
973 626 1
175 964 2
438 263 1
295 940 1
406 660 2
708 756 1
952 340 2
946 771 2
756 161 2
327 447 3
821 545 3
403 707 2
934 465 2
261 193 2
557 63 2
476 469 2
33 847 2
56 21 1
721 608 2
951 256 3
149 410 3
883 211 2
567 905 1
250 809 2
959 460 2
499 354 1
140 761 1
230 78 2
980 6 2
11 423 2
917 520 2
480 728 1
622 100 1
219 247 2
373 690 1
825 315 1
628 293 3
275 340 2
444 842 2
659 405 1
684 636 1
213 767 1
881 911 3
957 199 1
457 787 1
897 616 1
45 17 2
111 664 1
245 148 1
861 125 2
54 863 1
430 899 2
383 45 1
972 519 1
97 535 1
347 796 1
388 490 1
67 631 2
963 319 1
646 882 3
726 185 2
256 873 2
392 351 2
465 545 3
269 243 2
478 329 2
97 47 1
848 705 1
395 310 2
501 932 1
391 637 1
101 982 2
799 36 1
884 362 1
168 38 2
692 423 2
725 744 1
872 716 1
356 364 2
15 344 2
715 243 2
289 725 3
910 870 3
613 474 2
865 43 1
367 451 2
558 496 3
255 15 1
969 110 1
448 207 3
925 534 1
218 430 1
818 75 2
407 267 1
702 791 1
379 725 2
678 29 2
788 889 1
146 482 2
583 195 2
443 535 1
949 659 1
347 53 2
996 680 2
534 854 2
985 594 2
401 165 2
251 594 1
864 303 1
70 214 1
906 494 2
354 51 1
692 409 2
315 549 3
432 54 1
654 444 2
688 628 1
980 730 2
638 192 1
156 847 2
969 677 1
433 819 2
885 340 2
404 758 2
766 738 2
128 205 2
578 173 2
6 955 2
25 342 2
807 288 3
806 374 1
581 61 1
847 901 3
79 789 3
761 462 2
777 598 3
86 995 1
608 116 1
242 873 2
39 476 2
340 82 2
317 953 2
522 329 2
131 14 1
841 931 2
758 278 3
463 650 1
903 868 2
75 918 1
634 318 1
942 110 1
588 447 2
416 191 1
467 469 2
876 705 2
602 806 3
255 889 1
71 266 1
65 791 1
558 503 1
586 165 1
597 491 1
373 283 2
184 698 2
300 156 1
725 348 1
271 463 3
755 650 2
373 50 3
211 779 1
865 806 1
878 149 1
574 497 1
927 899 3
331 716 2
241 636 1
420 474 1
298 938 2
373 197 1
751 958 2
507 808 1
105 588 1
499 450 1
346 672 1
802 701 3
359 46 2
504 994 2
883 338 2
146 77 2
603 190 1
209 646 2
492 760 1
156 787 1
83 546 2
92 617 1
168 175 1
896 508 2
437 868 1
242 37 2
922 356 1
477 308 1
585 145 2
976 866 1
859 106 2
501 789 2
822 70 1
905 511 1
388 965 2
500 215 1
209 324 2
131 233 2
364 592 3
775 798 2
494 759 2
310 885 1
778 583 2
576 595 1
133 343 2
659 305 1
92 514 1
286 768 1
6 299 2
204 18 1
795 883 1
221 117 1
806 793 2
929 112 1
933 72 2
807 965 2
827 931 2
297 65 2
986 615 2
690 193 2
6 246 2
312 628 2
663 309 1
827 339 2
128 397 1
761 619 2
413 724 3
518 481 1
311 837 1
474 330 2
946 151 1
279 352 3
429 482 2
194 439 2
91 766 2
11 953 1
641 806 2
499 27 2
68 344 2
432 72 2
686 614 1
95 744 2
426 862 2
687 560 2
209 229 2
495 180 2
282 503 1
822 623 1
395 25 1
821 195 2
346 807 1
473 102 1
136 522 2
125 221 1
896 767 2
39 530 2
245 334 1
778 240 1
168 727 1
536 561 2
356 789 1
740 211 2
413 415 1
435 824 2
125 268 1
203 325 1
964 516 3
924 977 2
588 366 1
1 848 2
514 209 1
847 20 1
15 461 2
159 944 2
686 821 2
492 44 2
626 989 3
568 411 1
22 828 1
144 749 2
327 829 3
444 304 1
749 156 2
592 811 2
396 604 2
633 905 1
774 499 1
62 307 2
835 320 2
262 110 1
947 61 1
138 177 3
346 17 1
235 860 2
810 282 1
732 453 1
218 190 3
12 399 1
909 466 2
859 171 1
270 977 1
856 844 2
327 83 2
604 51 1
833 891 2
10 807 1
435 354 1
974 97 1
970 685 2
419 645 1
607 474 2
686 48 1
50 789 1
623 745 2
278 608 2
515 875 2
43 705 1
400 6 1
31 520 2
751 590 3
460 805 2
897 715 2
674 442 2
938 405 1
298 770 3
679 665 1
957 937 2
288 816 3
818 293 2
642 525 2
406 893 1
494 485 1
876 962 2
356 609 1
979 391 1
131 87 1
623 83 1
547 178 1
27 124 1
347 307 2
893 801 1
251 232 1
251 404 1
140 569 2
6 912 2
376 187 1
740 820 2
436 505 2
230 861 1
678 848 2
780 923 1
168 592 1
877 883 3
413 95 2
466 769 3
4 270 1
223 27 2
407 603 2
368 445 1
158 974 2
446 139 1
691 332 1
604 670 1
599 615 1
472 292 2
238 93 2
711 489 1
49 260 1
868 807 1
750 340 1
273 748 1
1 549 1
823 675 1
221 138 1
410 733 2
252 218 2
524 121 1
656 162 1
563 844 2
114 59 1
261 983 2
57 469 2
283 52 2
551 12 1
57 793 2
599 5 2
60 597 1
982 698 2
798 770 2
292 320 2
342 939 2
761 32 1
848 998 2
340 435 1
941 239 2
563 467 1
244 138 2
5 958 2
941 383 2
264 662 1
26 584 2
644 784 1
410 655 2
66 602 1
662 75 1
97 35 2
417 80 1
963 505 2
563 707 2
877 552 1
412 210 3
965 623 1
261 661 1
160 799 2
334 10 2
706 415 3
200 869 2
49 414 2
657 933 1
457 881 2
876 344 3
924 304 2
781 399 2
749 524 3
258 671 2
523 512 2
457 567 2
37 299 1
533 9 1
758 988 1
792 533 1
680 632 2
730 496 1
17 963 1
800 2 2
954 38 1
148 748 2
298 652 2
324 443 2
295 266 1
716 245 2
841 148 2
727 455 2
67 521 1
15 432 1
437 465 1
384 351 1
107 320 2
671 414 3
826 61 1
664 834 2
499 226 1
992 541 2
969 248 2
455 321 2
831 876 1
37 476 2
508 228 1
204 865 1
114 749 1
91 993 1
471 890 1
207 494 3
558 144 1
809 165 1
513 216 2
921 239 2
717 115 2
143 268 3
181 936 2
971 57 1
527 140 3
605 893 1
44 584 1
17 226 2
38 773 2
777 891 2
373 497 1
991 346 2
878 902 2
636 555 2
757 142 3
915 138 1
277 298 2
813 754 2
608 915 1
497 283 1
903 165 2
799 417 2
910 285 3
11 903 2
246 973 2
969 673 2
755 126 2
13 652 2
688 144 1
56 200 2
918 643 2
744 794 2
606 301 1
94 960 2
605 102 3
718 836 2
937 163 1
317 141 1
630 501 1
773 791 1
520 96 1
728 663 2
700 110 2
842 504 1
518 304 2
247 977 2
368 693 2
359 369 2
953 260 1
430 17 2
931 776 3
865 296 1
283 362 1
958 209 2
219 732 2
611 119 2
233 6 2
234 331 1
617 456 2
407 803 1
547 599 1
76 878 1
205 775 2
54 624 1
629 200 2
297 271 1
441 327 1
685 553 1
457 703 1
953 929 2
626 101 1
377 437 2
630 81 2
842 348 2
606 733 3
112 414 1
70 1 2
879 457 2
327 704 2
237 500 2
172 898 1
825 508 1
186 149 1
28 802 3
849 416 3
904 582 2
229 179 2
545 960 1
387 996 3
982 142 1
833 822 1
655 799 1
107 675 2
214 86 1
436 242 2
645 782 1
175 70 1
958 744 1
381 636 1
759 416 1
589 550 1
644 584 2
831 844 1
189 538 3
874 727 2
214 67 2
406 759 1
212 188 2
598 126 3
769 444 2
605 481 2
328 954 2
555 944 1
516 919 2
160 559 1
557 193 1
904 557 1
190 709 1
101 316 2
378 380 2
296 22 3
860 173 3
301 125 1
817 374 1
968 456 2
454 900 3
87 616 3
324 956 2
891 267 2
781 23 2
528 322 3
115 412 3
902 72 2
917 298 2
334 518 2
367 38 1
411 324 1
585 779 2
747 480 2
966 509 2
836 723 2
488 460 1
46 681 1
9 902 2
537 786 1
202 432 1
252 37 2
420 39 2
932 169 2
645 602 2
387 158 1
400 351 1
448 611 1
418 261 2
287 16 2
759 670 2
625 857 2
584 735 2
341 599 3
241 332 1
297 631 2
299 376 2
290 476 1
521 681 2
169 123 1
966 344 1
212 108 2
900 910 2
788 449 1
999 782 2
802 882 1
648 379 3
625 324 1
697 430 2
879 857 3
102 166 1
341 193 1
316 40 2
647 399 2
457 478 1
717 943 2
739 915 3
678 913 1
66 638 3
45 686 2
983 977 2
785 839 1
468 874 1
893 23 1
93 595 2
622 619 2
514 566 1
562 758 1
142 702 2
775 209 2
833 851 1
216 717 1
860 265 1
358 983 2
53 277 2
526 236 1
411 889 1
494 314 1
434 588 1
611 518 2
20 714 2
988 43 1
288 891 1
76 383 1
675 289 1
819 606 1
305 734 1
510 816 2
970 228 1
220 274 2
965 895 1
562 216 2
198 27 2
983 353 2
347 611 2
618 729 1
752 893 3
80 921 2
262 207 2
490 385 3
778 97 1
713 370 1
806 243 2
605 943 2
769 611 1
900 566 1
531 261 1
931 401 1
652 492 2
37 593 1
888 483 2
771 258 2
364 81 1
818 277 2
908 135 2
684 787 1
240 494 1
148 236 2
497 964 1
744 626 3
983 909 1
944 239 1
7 212 2
655 458 1
487 508 1
737 431 3
492 464 2
22 356 2
738 114 1
685 270 1
765 243 2
471 897 1
187 884 1
842 562 3
902 932 1
666 244 2
511 68 2
754 639 1
504 292 2
102 239 2
43 845 1
412 462 1
376 835 1
998 772 2
963 946 3
204 165 1
40 930 2
411 132 2
388 852 1
292 29 2
254 842 1
283 761 1
806 474 2
971 974 2
348 285 3
904 889 2
761 721 2
942 436 1
745 528 1
161 468 3
637 94 1
305 520 1
915 986 1
774 205 2
213 924 1
628 487 1
42 738 1
178 965 2
251 203 3
282 505 1
36 873 2
229 548 1
633 632 3
590 452 2
121 264 2
543 206 1
945 604 1
991 537 1
906 965 2
795 473 2
6 724 2
531 447 2
229 934 1
944 528 2
124 962 2
421 487 2
846 530 1
707 553 2
372 2 2
250 767 2
251 971 1
58 923 2
738 406 2
535 220 2
812 939 2
577 634 1
358 863 2
185 393 1
897 556 1
860 986 1
597 144 1
232 433 1
645 584 1
564 229 1
63 247 2
987 351 2
349 279 2
377 798 3
149 303 2
516 600 1
714 250 1
383 224 2
55 599 1
664 406 2
418 725 3
866 844 1
74 690 1
802 219 1
534 384 2
92 155 2
337 252 1
470 322 2
113 294 2
896 384 2
552 117 1
873 601 3
157 279 1
226 729 1
485 47 2
258 380 2
467 687 2
169 158 2
496 462 1
419 430 1
254 55 1
29 393 1
511 581 2
696 405 2
493 815 2
676 797 1
250 55 1
283 393 1
596 777 1
922 965 3
934 90 2
731 149 2
414 130 2
585 432 1
481 649 1
950 380 1
415 361 1
368 297 2
208 534 2
245 427 1
500 860 2
800 640 2
708 489 2
687 795 2
20 685 1
194 623 2
65 662 1
366 269 1
619 393 2
476 671 1
977 849 3
149 533 2
206 901 3
122 108 2
126 57 2
616 160 2
77 966 2
560 514 3
872 368 1
676 107 3
876 58 1
10 308 2
722 12 2
653 440 1
603 448 1
711 147 3
55 33 2
289 3 2
762 973 2
605 727 2
114 170 2
736 124 1
559 732 1
170 942 2
306 177 3
564 172 1
278 966 2
9 145 2
881 201 1
314 810 1
792 807 1
236 93 3
367 276 1
186 267 2
681 489 1
2 158 1
651 673 1
810 162 2
116 467 2
903 222 2
612 736 2
145 651 2
673 529 1
809 705 2
185 261 1
493 617 3
833 61 1
165 175 2
979 872 2
622 567 2
740 360 1
809 76 1
867 53 3
365 958 3
336 556 1
528 383 2
419 563 2
441 825 3
72 855 1
591 399 2
703 82 3
253 600 1
154 108 2
227 53 2
853 253 2
868 102 1
243 19 1
169 30 2
446 783 1
344 673 2
479 827 1
246 838 1
681 429 2
604 580 2
625 175 1
949 178 1
603 682 1
25 361 1
736 682 1
956 390 2
174 497 2
399 701 3
188 861 2
567 322 2
966 911 2
522 326 1
665 60 1
411 927 1
869 335 2
44 48 2
447 752 3
481 66 2
610 334 2
115 812 2
856 470 1
74 904 1
750 746 3
897 578 3
658 752 2
736 309 1
834 142 2
753 279 1
279 283 1
628 434 1
594 949 1
597 519 1
301 562 2
641 810 2
149 415 2
451 104 2
486 25 2
787 424 2
760 39 1
891 685 2
458 79 1
374 840 2
440 44 2
952 778 1
989 336 2
815 541 1
420 407 1
178 953 2
597 391 2
70 767 2
572 171 2
335 459 3
109 915 2
145 829 2
465 423 1
500 743 1
643 653 1
4 594 1
542 3 3
299 547 2
678 391 2
171 144 3
460 704 3
828 572 1
749 858 1
806 653 1
924 571 2
349 513 1
166 979 1
551 565 1
205 647 2
502 538 1
122 289 3
257 164 2
599 603 1
158 873 1
5 534 1
565 222 2
533 540 2
558 618 2
834 383 1
278 480 2
537 610 2
517 389 2
252 40 2
127 761 2
69 362 2
867 504 2
945 678 3
819 628 1
673 379 2
867 985 1
974 414 1
905 426 1
671 667 1
374 981 2
16 114 1
648 245 2
775 4 2
125 396 2
436 51 2
861 625 1
414 210 1
193 773 2
664 468 1
471 6 1
835 191 2
656 350 2
242 887 2
34 983 2
877 897 2
489 624 2
173 649 1
889 405 3
724 499 3
313 230 2
471 19 1
400 51 2
680 985 1
749 33 1
887 813 2
378 785 1
875 296 2
546 886 1
86 935 2
632 503 2
475 255 1
323 1000 2
57 257 1
449 435 2
576 196 2
558 861 2
966 751 2
865 136 1
526 174 1
889 371 1
225 654 1
232 144 2
979 440 3
939 399 1
761 342 1
347 847 1
872 187 2
294 762 1
983 209 2
854 807 1
799 431 1
689 166 1
13 310 1
942 177 3
378 429 1
640 665 2
84 292 1
283 959 2
436 553 3
618 955 1
644 482 2
869 682 2
539 993 2
216 202 3
31 592 1
883 60 1
964 692 1
159 232 2
912 535 1
929 44 1
673 241 2
758 598 2
697 612 1
347 524 2
780 842 2
163 238 1
550 898 1
342 974 1
233 497 1
207 554 2
675 978 1
846 713 1
592 571 2
295 581 1
92 11 1
616 392 1
52 431 3
309 275 1
494 870 2
486 731 1
177 304 3
279 236 2
983 223 1
220 317 2
144 986 1
323 508 1
537 169 2
997 615 1
924 954 2
659 929 1
961 621 1
66 465 1
694 801 3
812 337 1
356 388 2
108 497 2
945 235 2
842 719 3
2 295 1
701 28 1
161 100 2
551 735 1
317 12 1
169 787 1
979 439 2
34 613 2
715 235 2
810 324 2
785 185 2
759 620 1
413 80 2
119 908 2
374 874 1
824 239 2
5 777 1
939 335 1
596 448 2
641 941 2
299 609 2
347 136 2
518 258 1
163 123 1
215 700 2
432 848 1
320 721 2
95 288 2
392 126 2
723 841 3
157 96 1
407 308 2
994 107 2
479 748 2
927 767 2
484 410 1
628 276 1
429 52 3
396 62 2
208 226 2
802 332 2
422 746 1
679 908 1
793 982 2
90 660 1
146 553 1
58 436 2
847 52 1
56 736 2
546 164 1
274 121 1
717 355 3
231 324 1
145 328 1
500 268 1
55 154 1
889 825 1
261 396 1
642 703 2
800 3 1
544 326 3
994 465 2
899 253 2
606 850 1
338 23 3
739 346 3
756 246 1
608 686 3
614 755 1
227 911 2
776 146 1
713 44 2
711 589 1
409 603 3
726 16 2
399 928 2
956 864 2
159 77 2
468 436 2
116 363 1
604 778 1
55 778 1
287 899 1
164 143 1
998 794 2
789 550 1
212 109 1
706 298 2
411 7 1
312 233 1
76 971 2
432 496 1
920 268 2
777 363 1
810 64 2
25 360 2
864 393 1
454 534 1
324 730 3
188 932 2
274 503 1
870 68 1
301 607 1
879 198 1
856 191 1
913 272 2
867 67 1
991 4 2
797 171 3
256 857 2
300 630 2
919 992 1
210 424 3
581 51 2
651 110 2
744 162 1
510 351 1
414 118 2
562 109 2
487 697 1
85 111 1
185 139 2
982 634 2
1000 947 1
223 644 1
748 34 1
835 70 2
444 495 1
882 963 1
810 54 2
84 632 2
147 745 2
855 309 2
299 586 1
836 422 2
319 470 2
498 117 1
693 871 2
381 693 3
647 452 2
390 507 3
157 978 3
481 132 1
386 45 1
704 710 2
877 745 3
353 968 1
190 672 3
983 90 1
82 408 1
732 366 1
872 132 2
672 252 1
15 844 2
483 849 1
707 569 2
929 640 2
670 45 2
897 10 1
113 898 1
270 746 1
427 532 2
745 247 2
357 554 1
304 1000 1
15 312 2
289 377 1
754 968 3
702 317 3
201 374 2
854 378 3
663 949 2
160 788 1
506 394 2
628 26 2
850 918 1
760 621 2
146 52 3
83 386 2
931 848 2
857 952 2
519 633 1
922 444 2
389 430 1
353 570 1
725 688 1
915 759 2
404 562 2
368 97 3
548 186 1
551 312 1
732 3 2
847 418 1
399 505 2
251 332 1
291 277 1
651 819 2
388 638 1
969 480 1
831 729 2
707 123 2
407 551 1
10 765 1
376 32 2
30 341 2
805 778 2
580 384 2
78 746 1
445 180 2
920 704 1
766 328 3
417 688 1
938 327 3
521 696 3
198 448 2
373 193 1
868 740 1
228 82 2
354 439 2
431 311 2
434 243 1
270 878 2
482 556 2
814 711 1
22 450 2
885 6 2
772 86 2
691 88 1
434 180 2
400 101 2
921 495 2
861 351 3
572 265 1
311 736 1
364 573 1
263 72 2
394 347 2
717 601 1
741 915 2
243 668 2
423 760 2
948 651 2
806 462 1
586 459 2
485 683 1
682 196 2
163 3 3
597 894 1
292 972 1
130 590 2
990 34 2
191 410 1
359 324 2
636 645 2
712 52 1
110 548 2
863 945 2
48 338 2
174 626 1
746 139 3
105 540 1
161 985 2
391 642 1
898 504 1
281 717 1
44 785 2
843 527 2
663 583 2
277 885 1
860 224 1
100 505 1
47 260 2
174 473 2
316 800 2
54 102 2
212 847 2
168 171 1
73 941 1
557 716 1
897 165 3
495 94 2
410 423 1
290 138 1
315 219 1
606 135 2
52 794 2
272 828 2
460 864 2
79 690 1
477 692 1
543 318 1
87 780 1
830 651 2
811 236 1
233 604 2
606 145 1
73 769 2
177 568 2
873 372 1
555 27 2
127 845 1
417 474 1
890 849 1
326 943 1
622 693 1
98 163 1
3 22 2
232 470 3
392 22 1
627 791 2
866 294 2
390 350 2
270 806 1
945 883 1
338 934 3
520 68 2
687 758 2
410 300 1
380 475 1
525 526 1
904 308 3
404 659 2
227 393 1
742 232 2
229 409 1
130 669 3
598 151 2
637 431 2
696 666 1
649 341 2
332 486 2
172 866 2
110 897 2
493 43 2
530 688 3
224 822 1
185 108 1
122 321 2
451 792 2
166 771 3
255 259 1
246 798 3
808 891 1
537 554 2
15 932 2
967 23 3
982 415 2
459 242 2
542 167 1
176 228 2
956 378 1
100 298 1
983 153 2
851 525 2
388 20 2
949 347 1
880 663 2
521 677 1
962 432 1
512 377 1
662 28 2
713 541 1
868 66 3
362 533 2
704 749 1
279 422 2
171 399 1
541 375 1
429 167 2
512 332 1
768 257 2
732 686 1
227 170 1
427 152 2
463 477 2
884 683 1
174 428 2
243 535 3
656 755 1
679 991 2
151 97 2
856 270 2
101 296 2
646 387 2
860 163 1
236 252 2
197 964 2
479 485 1
224 700 1
222 710 1
458 355 2
909 310 3
790 849 2
160 381 1
36 380 1
52 741 2
108 118 1
335 638 1
655 418 3
840 235 2
133 721 2
803 765 1
301 556 2
327 290 2
712 190 1
141 540 2
325 911 1
702 219 3
83 789 1
48 105 1
766 216 1
488 439 1
487 738 1
403 954 2
624 926 1
869 324 2
147 590 3
610 457 2
34 982 1
234 798 1
90 290 1
759 567 1
76 925 2
18 751 2
135 766 1
484 950 2
785 174 2
209 471 2
118 972 2
554 605 1
915 938 2
904 691 2
830 499 2
257 799 3
311 310 2
786 243 2
562 138 1
552 185 2
783 676 2
143 886 1
745 87 1
665 573 2
470 244 2
656 548 2
778 893 2
299 770 2
943 309 2
631 680 1
600 842 3
186 89 2
15 865 1
18 999 2
886 137 1
288 812 1
149 841 2
645 796 1
180 339 1
294 141 1
234 111 2
274 845 1
427 797 1
930 739 2
548 59 1
457 176 2
6 387 1
613 631 2
823 720 2
579 609 1
653 17 2
63 709 3
367 504 2
343 938 1
283 600 2
257 850 1
959 549 3
559 986 1
264 513 3
489 289 2
359 200 1
15 707 1
844 260 2
431 535 2
228 455 2
195 946 3
714 75 1
389 507 1
604 438 2
608 884 1
565 177 1
987 574 3
846 588 2
152 674 2
696 488 2
973 665 1
830 384 1
82 169 1
528 592 2
118 575 1
422 686 1
423 131 2
700 898 1
841 276 1
411 692 1
875 274 1
65 58 2
320 95 1
235 441 2
381 127 2
812 343 2
894 637 2
255 420 1
715 443 1
860 941 2
963 389 2
522 700 2
59 127 2
324 959 2
465 623 1
929 682 3
884 91 2
280 941 1
980 605 1
270 197 2
995 234 2
711 171 2
971 101 1
292 853 2
303 832 2
856 818 2
669 43 1
37 551 1
969 42 1
844 986 1
471 610 1
222 414 3
806 280 1
653 91 2
521 422 2
833 556 2
370 514 1
995 68 2
333 577 1
38 230 2
445 529 1
674 507 3
194 572 2
5 440 2
932 345 2
944 954 2
521 110 1
810 645 1
34 334 2
706 92 2
508 496 2
472 320 1
216 418 1
375 335 1
132 506 2
24 255 1
6 690 2
418 269 3
656 160 2
643 996 2
156 989 2
915 426 2
416 739 2
929 812 2
434 918 3
412 348 1
599 880 1
744 724 2
594 739 2
921 576 2
847 512 1
118 187 2
18 627 2
297 190 2
902 824 1
483 972 1
82 895 2
275 181 1
262 289 1
727 522 2
110 80 1
980 390 1
263 15 1
687 866 3
539 171 2
560 191 1
7 304 3
810 250 2
243 880 3
446 566 2
333 769 2
629 282 1
679 656 2
198 478 1
483 140 2
746 152 1
924 930 1
935 472 1
373 114 3
499 857 2
830 649 2
183 908 1
645 174 1
743 780 1
960 629 2
647 40 2
381 757 1
472 758 2
375 533 1
887 987 2
582 302 1
408 241 2
784 991 2
559 747 1
992 681 1
65 810 1
380 104 1
105 931 1
244 271 2
467 736 2
173 195 2
540 398 1
558 851 1
400 87 1
632 515 1
696 426 2
718 805 2
653 89 1
875 439 1
463 146 1
436 132 1
260 756 3
567 927 2
146 102 1
407 259 3
928 107 1
43 635 2
213 890 1
536 666 1
815 407 1
924 107 3
982 2 3
339 950 1
120 391 2
575 680 1
328 257 1
639 675 2
478 733 2
813 684 2
986 123 1
863 667 1
374 580 1
976 86 2
68 795 1
693 97 3
869 406 2
199 661 2
461 394 1
416 807 1
921 432 1
660 700 1
307 508 2
551 493 1
776 929 1
875 4 2
877 250 1
691 945 2
377 985 2
502 683 3
676 521 2
59 469 2
167 994 2
941 787 2
748 104 2
463 569 1
201 116 2
846 384 1
402 623 2
700 178 1
634 464 2
618 727 1
253 766 1
239 451 1
182 140 2
925 952 1
292 685 2
993 647 2
242 543 1
146 265 2
427 794 2
248 492 2
533 387 2
616 863 2
202 877 2
231 683 2
617 715 2
504 61 1
26 711 1
69 55 2
733 806 1
170 798 2
866 493 1
778 100 1
919 27 2
490 844 3
759 292 2
17 268 1
364 727 2
416 708 1
950 264 1
560 412 1
629 304 1
166 658 1
733 805 1
480 329 1
63 420 2
412 158 1
906 200 2
434 162 2
883 40 1
776 859 1
14 2 2
369 117 2
422 610 1
185 879 1
224 24 1
604 979 2
576 717 1
758 835 1
149 964 1
969 55 1
346 148 3
128 738 1
12 331 2
452 478 1
775 937 1
411 857 2
85 711 1
972 629 1
195 537 2
506 152 3
166 674 1
846 689 2
425 747 1
47 102 2
212 784 2
969 825 1
161 700 2
727 707 2
844 580 1
415 941 1
864 183 2
119 98 2
931 963 1
796 90 1
154 321 1
495 49 1
203 385 2
780 746 2
477 802 2
365 768 2
84 474 3
39 431 2
852 417 2
13 88 1
667 782 1
411 368 2
127 855 2
427 494 2
918 852 2
989 70 1
94 38 1
768 397 2
758 582 1
901 333 2
407 173 2
910 71 2
941 174 2
994 711 1
11 966 1
429 774 1
657 207 1
251 966 2
577 578 3
610 83 1
518 719 1
452 21 2
861 59 2
885 543 1
228 532 1
817 8 2
28 715 1
132 823 2
414 307 2
460 257 1
58 296 1
286 360 2
150 334 3
638 90 1
168 757 2
466 249 1
719 962 2
27 23 1
491 259 1
850 85 1
980 890 2
875 413 1
157 722 2
41 740 1
512 242 2
544 137 2
972 443 2
177 703 1
580 779 1
491 930 1
752 44 1
92 979 2
996 797 1
200 650 2
690 163 2
80 757 1
712 667 1
640 996 2
297 9 3
720 374 1
617 361 2
882 860 2
639 610 2
775 938 2
341 114 1
399 675 1
945 437 2
193 556 2
87 357 2
839 656 3
88 101 1
891 459 2
551 342 1
895 294 3
623 46 1
729 378 1
163 768 1
446 735 3
930 834 2
985 652 1
928 69 3
339 78 2
153 655 1
158 652 2
26 48 3
893 510 1
577 50 3
407 711 1
630 861 2
67 237 2
254 877 1
433 190 1
40 758 3
496 681 2
829 644 1
497 842 1
983 164 1
84 776 3
609 787 3
268 669 2
861 116 3
761 407 1
447 383 1
389 131 2
323 732 2
607 974 2
482 388 2
518 503 2
979 51 2
400 178 1
934 31 2
113 673 2
409 472 1
91 731 1
446 133 2
590 186 1
388 182 1
395 398 2
703 523 1
812 305 1
583 108 1
559 389 2
251 866 1
294 836 1
59 390 2
73 940 1
894 542 2
228 104 1
346 864 1
517 491 1
517 897 1
509 775 1
431 696 2
326 500 1
313 568 1
856 139 2
798 771 2
246 719 1
372 161 2
603 622 3
959 500 3
356 368 2
65 502 2
159 747 2
390 995 3
789 266 1
237 917 2
731 830 2
174 926 1
521 262 3
105 503 1
606 353 1
533 946 1
323 206 2
153 476 1
515 165 1
3 678 3
382 573 2
475 201 2
4 449 1
388 366 2
367 565 1
146 161 2
497 605 2
727 304 2
730 388 2
297 273 2
181 283 2
884 472 1
365 213 2
262 656 2
750 930 3
167 784 3
454 775 1
766 854 1
958 214 1
85 2 1
531 267 1
829 141 2
200 217 1
755 160 1
397 799 1
403 503 1
348 514 2
593 704 2
257 517 1
552 437 2
322 332 3
862 285 1
446 689 2
599 212 2
727 547 2
837 327 2
665 836 2
803 100 1
969 799 2
131 507 1
648 335 2
988 307 2
813 714 1
580 902 2
878 452 1
172 743 2
773 643 2
401 525 1
44 863 1
339 640 1
437 10 1
879 922 1
632 123 1
344 609 2
145 258 2
718 127 1
873 747 3
487 214 2
173 788 2
754 309 1
581 854 1
986 754 3
119 565 2
63 458 1
806 726 1
260 472 2
258 638 2
836 314 1
202 828 2
338 824 1
163 700 2
634 559 1
752 230 1
789 767 2
848 974 3
908 195 2
818 581 1
506 54 2
987 516 1
661 157 1
362 498 2
175 520 1
695 443 2
8 195 3
403 670 2
302 705 2
590 409 2
642 959 1
302 365 2
717 686 1
965 461 1
61 264 2
219 756 1
219 160 1
797 844 2
824 941 2
251 779 1
561 658 1
507 413 1
713 225 2
908 209 1
454 645 2
444 12 2
792 182 2
253 760 2
913 686 1
169 219 1
556 219 3
822 843 1
823 681 1
668 902 1
202 481 2
845 17 1
486 978 2
932 269 3
437 557 1
847 902 1
195 298 1
841 427 2
735 526 1
552 316 3
491 297 1
143 270 1
201 719 3
810 364 1
518 506 1
577 706 2
217 476 3
850 509 1
401 564 2
216 300 2
407 4 1
107 481 1
972 632 1
311 874 1
915 873 2
55 97 2
967 536 3
107 857 2
49 994 1
566 208 2
846 547 2
252 398 2
595 357 2
580 441 2
987 842 2
930 456 3
108 114 3
44 789 1
507 832 1
606 870 2
172 466 1
811 717 1
667 665 1
860 828 1
990 684 2
272 867 1
456 453 1
860 715 2
538 54 1
918 511 2
451 460 1
819 264 2
311 53 2
986 894 2
643 965 3
236 800 1
571 538 1
642 15 2
772 465 2
750 521 1
618 936 2
479 889 3
430 184 2
705 498 1
159 389 1
514 916 2
398 945 1
388 982 3
914 561 1
496 424 3
532 650 2
730 810 1
192 109 2
639 374 1
3 997 2
564 519 2
50 16 1
484 288 2
694 488 1
242 262 1
357 907 1
282 17 1
197 405 1
48 567 1
225 659 3
547 508 2
444 517 1
170 109 2
937 986 3
659 113 2
342 864 1
989 663 2
882 705 2
954 382 2
661 121 3
999 289 2
363 356 1
72 447 2
149 50 2
914 170 2
840 260 1
400 940 1
375 614 2
613 137 3
642 267 3
183 844 1
985 677 1
853 134 1
793 657 2
34 864 2
242 717 1
779 162 3
258 479 1
393 789 2
870 230 1
814 873 2
127 966 2
357 75 1
491 849 2
429 597 2
620 268 2
19 55 1
47 532 1
558 833 1
334 796 2
599 159 3
238 248 2
899 898 1
772 368 2
600 280 1
687 966 2
842 802 2
627 521 2
550 629 1
666 369 2
507 904 1
994 336 3
473 201 1
676 831 1
824 346 2
240 293 2
148 127 2
379 915 2
667 204 2
728 857 1
464 567 2
